0 0
1 0
2 0
3 0
4 0
5 0
6 0
7 0
8 0
9 0
10 0
11 0
12 0
13 0
14 0
15 0
16 0
17 0
18 0
19 0
20 0
21 0
22 0
23 0
24 0
25 0
26 0
27 0
28 0
29 0
30 0
31 0
32 0
33 0
34 0
35 0
36 0
37 0
38 0
39 0
40 0
41 0
42 0
43 0
44 0
45 0
46 0
47 0
48 0
49 0
50 0
51 0
52 0
53 0
54 0
55 0
56 0
57 0
58 0
59 0
60 0
61 0
62 0
63 0
64 1
65 1
66 1
67 1
68 1
69 1
70 1
71 1
72 1
73 1
74 1
75 1
76 1
77 1
78 1
79 1
80 1
81 1
82 1
83 1
84 1
85 1
86 1
87 1
88 1
89 1
90 1
91 1
92 1
93 1
94 1
95 1
96 1
97 1
98 1
99 1
100 1
101 1
102 1
103 1
104 1
105 1
106 1
107 1
108 1
109 1
110 1
111 1
112 1
113 1
114 1
115 1
116 1
117 1
118 1
119 1
120 1
121 1
122 1
123 1
124 1
125 1
126 1
127 1
128 2
129 2
130 2
131 2
132 2
133 2
134 2
135 2
136 2
137 2
138 2
139 2
140 2
141 2
142 2
143 2
144 2
145 2
146 2
147 2
148 2
149 2
150 2
151 2
152 2
153 2
154 2
155 2
156 2
157 2
158 2
159 2
160 2
161 2
162 2
163 2
164 2
165 2
166 2
167 2
168 2
169 2
170 2
171 2
172 2
173 2
174 2
175 2
176 2
177 2
178 2
179 2
180 2
181 2
182 2
183 2
184 2
185 2
186 2
187 2
188 2
189 2
190 2
191 2
192 3
193 3
194 3
195 3
196 3
197 3
198 3
199 3
200 3
201 3
202 3
203 3
204 3
205 3
206 3
207 3
208 3
209 3
210 3
211 3
212 3
213 3
214 3
215 3
216 3
217 3
218 3
219 3
220 3
221 3
222 3
223 3
224 3
225 3
226 3
227 3
228 3
229 3
230 3
231 3
232 3
233 3
234 3
235 3
236 3
237 3
238 3
239 3
240 3
241 3
242 3
243 3
244 3
245 3
246 3
247 3
248 3
249 3
250 3
251 3
252 3
253 3
254 3
255 3
256 4
257 4
258 4
259 4
260 4
261 4
262 4
263 4
264 4
265 4
266 4
267 4
268 4
269 4
270 4
271 4
272 4
273 4
274 4
275 4
276 4
277 4
278 4
279 4
280 4
281 4
282 4
283 4
284 4
285 4
286 4
287 4
288 4
289 4
290 4
291 4
292 4
293 4
294 4
295 4
296 4
297 4
298 4
299 4
300 4
301 4
302 4
303 4
304 4
305 4
306 4
307 4
308 4
309 4
310 4
311 4
312 4
313 4
314 4
315 4
316 4
317 4
318 4
319 4
320 5
321 5
322 5
323 5
324 5
325 5
326 5
327 5
328 5
329 5
330 5
331 5
332 5
333 5
334 5
335 5
336 5
337 5
338 5
339 5
340 5
341 5
342 5
343 5
344 5
345 5
346 5
347 5
348 5
349 5
350 5
351 5
352 5
353 5
354 5
355 5
356 5
357 5
358 5
359 5
360 5
361 5
362 5
363 5
364 5
365 5
366 5
367 5
368 5
369 5
370 5
371 5
372 5
373 5
374 5
375 5
376 5
377 5
378 5
379 5
380 5
381 5
382 5
383 5
384 6
385 6
386 6
387 6
388 6
389 6
390 6
391 6
392 6
393 6
394 6
395 6
396 6
397 6
398 6
399 6
400 6
401 6
402 6
403 6
404 6
405 6
406 6
407 6
408 6
409 6
410 6
411 6
412 6
413 6
414 6
415 6
416 6
417 6
418 6
419 6
420 6
421 6
422 6
423 6
424 6
425 6
426 6
427 6
428 6
429 6
430 6
431 6
432 6
433 6
434 6
435 6
436 6
437 6
438 6
439 6
440 6
441 6
442 6
443 6
444 6
445 6
446 6
447 6
448 7
449 7
450 7
451 7
452 7
453 7
454 7
455 7
456 7
457 7
458 7
459 7
460 7
461 7
462 7
463 7
464 7
465 7
466 7
467 7
468 7
469 7
470 7
471 7
472 7
473 7
474 7
475 7
476 7
477 7
478 7
479 7
480 7
481 7
482 7
483 7
484 7
485 7
486 7
487 7
488 7
489 7
490 7
491 7
492 7
493 7
494 7
495 7
496 7
497 7
498 7
499 7
500 7
501 7
502 7
503 7
504 7
505 7
506 7
507 7
508 7
509 7
510 7
511 7
512 8
513 8
514 8
515 8
516 8
517 8
518 8
519 8
520 8
521 8
522 8
523 8
524 8
525 8
526 8
527 8
528 8
529 8
530 8
531 8
532 8
533 8
534 8
535 8
536 8
537 8
538 8
539 8
540 8
541 8
542 8
543 8
544 8
545 8
546 8
547 8
548 8
549 8
550 8
551 8
552 8
553 8
554 8
555 8
556 8
557 8
558 8
559 8
560 8
561 8
562 8
563 8
564 8
565 8
566 8
567 8
568 8
569 8
570 8
571 8
572 8
573 8
574 8
575 8
576 9
577 9
578 9
579 9
580 9
581 9
582 9
583 9
584 9
585 9
586 9
587 9
588 9
589 9
590 9
591 9
592 9
593 9
594 9
595 9
596 9
597 9
598 9
599 9
600 9
601 9
602 9
603 9
604 9
605 9
606 9
607 9
608 9
609 9
610 9
611 9
612 9
613 9
614 9
615 9
616 9
617 9
618 9
619 9
620 9
621 9
622 9
623 9
624 9
625 9
626 9
627 9
628 9
629 9
630 9
631 9
632 9
633 9
634 9
635 9
636 9
637 9
638 9
639 9
640 10
641 10
642 10
643 10
644 10
645 10
646 10
647 10
648 10
649 10
650 10
651 10
652 10
653 10
654 10
655 10
656 10
657 10
658 10
659 10
660 10
661 10
662 10
663 10
664 10
665 10
666 10
667 10
668 10
669 10
670 10
671 10
672 10
673 10
674 10
675 10
676 10
677 10
678 10
679 10
680 10
681 10
682 10
683 10
684 10
685 10
686 10
687 10
688 10
689 10
690 10
691 10
692 10
693 10
694 10
695 10
696 10
697 10
698 10
699 10
700 10
701 10
702 10
703 10
704 11
705 11
706 11
707 11
708 11
709 11
710 11
711 11
712 11
713 11
714 11
715 11
716 11
717 11
718 11
719 11
720 11
721 11
722 11
723 11
724 11
725 11
726 11
727 11
728 11
729 11
730 11
731 11
732 11
733 11
734 11
735 11
736 11
737 11
738 11
739 11
740 11
741 11
742 11
743 11
744 11
745 11
746 11
747 11
748 11
749 11
750 11
751 11
752 11
753 11
754 11
755 11
756 11
757 11
758 11
759 11
760 11
761 11
762 11
763 11
764 11
765 11
766 11
767 11
768 12
769 12
770 12
771 12
772 12
773 12
774 12
775 12
776 12
777 12
778 12
779 12
780 12
781 12
782 12
783 12
784 12
785 12
786 12
787 12
788 12
789 12
790 12
791 12
792 12
793 12
794 12
795 12
796 12
797 12
798 12
799 12
800 12
801 12
802 12
803 12
804 12
805 12
806 12
807 12
808 12
809 12
810 12
811 12
812 12
813 12
814 12
815 12
816 12
817 12
818 12
819 12
820 12
821 12
822 12
823 12
824 12
825 12
826 12
827 12
828 12
829 12
830 12
831 12
832 13
833 13
834 13
835 13
836 13
837 13
838 13
839 13
840 13
841 13
842 13
843 13
844 13
845 13
846 13
847 13
848 13
849 13
850 13
851 13
852 13
853 13
854 13
855 13
856 13
857 13
858 13
859 13
860 13
861 13
862 13
863 13
864 13
865 13
866 13
867 13
868 13
869 13
870 13
871 13
872 13
873 13
874 13
875 13
876 13
877 13
878 13
879 13
880 13
881 13
882 13
883 13
884 13
885 13
886 13
887 13
888 13
889 13
890 13
891 13
892 13
893 13
894 13
895 13
896 14
897 14
898 14
899 14
900 14
901 14
902 14
903 14
904 14
905 14
906 14
907 14
908 14
909 14
910 14
911 14
912 14
913 14
914 14
915 14
916 14
917 14
918 14
919 14
920 14
921 14
922 14
923 14
924 14
925 14
926 14
927 14
928 14
929 14
930 14
931 14
932 14
933 14
934 14
935 14
936 14
937 14
938 14
939 14
940 14
941 14
942 14
943 14
944 14
945 14
946 14
947 14
948 14
949 14
950 14
951 14
952 14
953 14
954 14
955 14
956 14
957 14
958 14
959 14
960 15
961 15
962 15
963 15
964 15
965 15
966 15
967 15
968 15
969 15
970 15
971 15
972 15
973 15
974 15
975 15
976 15
977 15
978 15
979 15
980 15
981 15
982 15
983 15
984 15
985 15
986 15
987 15
988 15
989 15
990 15
991 15
992 15
993 15
994 15
995 15
996 15
997 15
998 15
999 15
1000 15
1001 15
1002 15
1003 15
1004 15
1005 15
1006 15
1007 15
1008 15
1009 15
1010 15
1011 15
1012 15
1013 15
1014 15
1015 15
1016 15
1017 15
1018 15
1019 15
1020 15
1021 15
1022 15
1023 15
1024 16
1025 16
1026 16
1027 16
1028 16
1029 16
1030 16
1031 16
1032 16
1033 16
1034 16
1035 16
1036 16
1037 16
1038 16
1039 16
1040 16
1041 16
1042 16
1043 16
1044 16
1045 16
1046 16
1047 16
1048 16
1049 16
1050 16
1051 16
1052 16
1053 16
1054 16
1055 16
1056 16
1057 16
1058 16
1059 16
1060 16
1061 16
1062 16
1063 16
1064 16
1065 16
1066 16
1067 16
1068 16
1069 16
1070 16
1071 16
1072 16
1073 16
1074 16
1075 16
1076 16
1077 16
1078 16
1079 16
1080 16
1081 16
1082 16
1083 16
1084 16
1085 16
1086 16
1087 16
1088 17
1089 17
1090 17
1091 17
1092 17
1093 17
1094 17
1095 17
1096 17
1097 17
1098 17
1099 17
1100 17
1101 17
1102 17
1103 17
1104 17
1105 17
1106 17
1107 17
1108 17
1109 17
1110 17
1111 17
1112 17
1113 17
1114 17
1115 17
1116 17
1117 17
1118 17
1119 17
1120 17
1121 17
1122 17
1123 17
1124 17
1125 17
1126 17
1127 17
1128 17
1129 17
1130 17
1131 17
1132 17
1133 17
1134 17
1135 17
1136 17
1137 17
1138 17
1139 17
1140 17
1141 17
1142 17
1143 17
1144 17
1145 17
1146 17
1147 17
1148 17
1149 17
1150 17
1151 17
1152 18
1153 18
1154 18
1155 18
1156 18
1157 18
1158 18
1159 18
1160 18
1161 18
1162 18
1163 18
1164 18
1165 18
1166 18
1167 18
1168 18
1169 18
1170 18
1171 18
1172 18
1173 18
1174 18
1175 18
1176 18
1177 18
1178 18
1179 18
1180 18
1181 18
1182 18
1183 18
1184 18
1185 18
1186 18
1187 18
1188 18
1189 18
1190 18
1191 18
1192 18
1193 18
1194 18
1195 18
1196 18
1197 18
1198 18
1199 18
1200 18
1201 18
1202 18
1203 18
1204 18
1205 18
1206 18
1207 18
1208 18
1209 18
1210 18
1211 18
1212 18
1213 18
1214 18
1215 18
1216 19
1217 19
1218 19
1219 19
1220 19
1221 19
1222 19
1223 19
1224 19
1225 19
1226 19
1227 19
1228 19
1229 19
1230 19
1231 19
1232 19
1233 19
1234 19
1235 19
1236 19
1237 19
1238 19
1239 19
1240 19
1241 19
1242 19
1243 19
1244 19
1245 19
1246 19
1247 19
1248 19
1249 19
1250 19
1251 19
1252 19
1253 19
1254 19
1255 19
1256 19
1257 19
1258 19
1259 19
1260 19
1261 19
1262 19
1263 19
1264 19
1265 19
1266 19
1267 19
1268 19
1269 19
1270 19
1271 19
1272 19
1273 19
1274 19
1275 19
1276 19
1277 19
1278 19
1279 19
1280 20
1281 20
1282 20
1283 20
1284 20
1285 20
1286 20
1287 20
1288 20
1289 20
1290 20
1291 20
1292 20
1293 20
1294 20
1295 20
1296 20
1297 20
1298 20
1299 20
1300 20
1301 20
1302 20
1303 20
1304 20
1305 20
1306 20
1307 20
1308 20
1309 20
1310 20
1311 20
1312 20
1313 20
1314 20
1315 20
1316 20
1317 20
1318 20
1319 20
1320 20
1321 20
1322 20
1323 20
1324 20
1325 20
1326 20
1327 20
1328 20
1329 20
1330 20
1331 20
1332 20
1333 20
1334 20
1335 20
1336 20
1337 20
1338 20
1339 20
1340 20
1341 20
1342 20
1343 20
1344 21
1345 21
1346 21
1347 21
1348 21
1349 21
1350 21
1351 21
1352 21
1353 21
1354 21
1355 21
1356 21
1357 21
1358 21
1359 21
1360 21
1361 21
1362 21
1363 21
1364 21
1365 21
1366 21
1367 21
1368 21
1369 21
1370 21
1371 21
1372 21
1373 21
1374 21
1375 21
1376 21
1377 21
1378 21
1379 21
1380 21
1381 21
1382 21
1383 21
1384 21
1385 21
1386 21
1387 21
1388 21
1389 21
1390 21
1391 21
1392 21
1393 21
1394 21
1395 21
1396 21
1397 21
1398 21
1399 21
1400 21
1401 21
1402 21
1403 21
1404 21
1405 21
1406 21
1407 21
1408 22
1409 22
1410 22
1411 22
1412 22
1413 22
1414 22
1415 22
1416 22
1417 22
1418 22
1419 22
1420 22
1421 22
1422 22
1423 22
1424 22
1425 22
1426 22
1427 22
1428 22
1429 22
1430 22
1431 22
1432 22
1433 22
1434 22
1435 22
1436 22
1437 22
1438 22
1439 22
1440 22
1441 22
1442 22
1443 22
1444 22
1445 22
1446 22
1447 22
1448 22
1449 22
1450 22
1451 22
1452 22
1453 22
1454 22
1455 22
1456 22
1457 22
1458 22
1459 22
1460 22
1461 22
1462 22
1463 22
1464 22
1465 22
1466 22
1467 22
1468 22
1469 22
1470 22
1471 22
1472 23
1473 23
1474 23
1475 23
1476 23
1477 23
1478 23
1479 23
1480 23
1481 23
1482 23
1483 23
1484 23
1485 23
1486 23
1487 23
1488 23
1489 23
1490 23
1491 23
1492 23
1493 23
1494 23
1495 23
1496 23
1497 23
1498 23
1499 23
1500 23
1501 23
1502 23
1503 23
1504 23
1505 23
1506 23
1507 23
1508 23
1509 23
1510 23
1511 23
1512 23
1513 23
1514 23
1515 23
1516 23
1517 23
1518 23
1519 23
1520 23
1521 23
1522 23
1523 23
1524 23
1525 23
1526 23
1527 23
1528 23
1529 23
1530 23
1531 23
1532 23
1533 23
1534 23
1535 23
1536 24
1537 24
1538 24
1539 24
1540 24
1541 24
1542 24
1543 24
1544 24
1545 24
1546 24
1547 24
1548 24
1549 24
1550 24
1551 24
1552 24
1553 24
1554 24
1555 24
1556 24
1557 24
1558 24
1559 24
1560 24
1561 24
1562 24
1563 24
1564 24
1565 24
1566 24
1567 24
1568 24
1569 24
1570 24
1571 24
1572 24
1573 24
1574 24
1575 24
1576 24
1577 24
1578 24
1579 24
1580 24
1581 24
1582 24
1583 24
1584 24
1585 24
1586 24
1587 24
1588 24
1589 24
1590 24
1591 24
1592 24
1593 24
1594 24
1595 24
1596 24
1597 24
1598 24
1599 24
1600 25
1601 25
1602 25
1603 25
1604 25
1605 25
1606 25
1607 25
1608 25
1609 25
1610 25
1611 25
1612 25
1613 25
1614 25
1615 25
1616 25
1617 25
1618 25
1619 25
1620 25
1621 25
1622 25
1623 25
1624 25
1625 25
1626 25
1627 25
1628 25
1629 25
1630 25
1631 25
1632 25
1633 25
1634 25
1635 25
1636 25
1637 25
1638 25
1639 25
1640 25
1641 25
1642 25
1643 25
1644 25
1645 25
1646 25
1647 25
1648 25
1649 25
1650 25
1651 25
1652 25
1653 25
1654 25
1655 25
1656 25
1657 25
1658 25
1659 25
1660 25
1661 25
1662 25
1663 25
1664 26
1665 26
1666 26
1667 26
1668 26
1669 26
1670 26
1671 26
1672 26
1673 26
1674 26
1675 26
1676 26
1677 26
1678 26
1679 26
1680 26
1681 26
1682 26
1683 26
1684 26
1685 26
1686 26
1687 26
1688 26
1689 26
1690 26
1691 26
1692 26
1693 26
1694 26
1695 26
1696 26
1697 26
1698 26
1699 26
1700 26
1701 26
1702 26
1703 26
1704 26
1705 26
1706 26
1707 26
1708 26
1709 26
1710 26
1711 26
1712 26
1713 26
1714 26
1715 26
1716 26
1717 26
1718 26
1719 26
1720 26
1721 26
1722 26
1723 26
1724 26
1725 26
1726 26
1727 26
1728 27
1729 27
1730 27
1731 27
1732 27
1733 27
1734 27
1735 27
1736 27
1737 27
1738 27
1739 27
1740 27
1741 27
1742 27
1743 27
1744 27
1745 27
1746 27
1747 27
1748 27
1749 27
1750 27
1751 27
1752 27
1753 27
1754 27
1755 27
1756 27
1757 27
1758 27
1759 27
1760 27
1761 27
1762 27
1763 27
1764 27
1765 27
1766 27
1767 27
1768 27
1769 27
1770 27
1771 27
1772 27
1773 27
1774 27
1775 27
1776 27
1777 27
1778 27
1779 27
1780 27
1781 27
1782 27
1783 27
1784 27
1785 27
1786 27
1787 27
1788 27
1789 27
1790 27
1791 27
1792 28
1793 28
1794 28
1795 28
1796 28
1797 28
1798 28
1799 28
1800 28
1801 28
1802 28
1803 28
1804 28
1805 28
1806 28
1807 28
1808 28
1809 28
1810 28
1811 28
1812 28
1813 28
1814 28
1815 28
1816 28
1817 28
1818 28
1819 28
1820 28
1821 28
1822 28
1823 28
1824 28
1825 28
1826 28
1827 28
1828 28
1829 28
1830 28
1831 28
1832 28
1833 28
1834 28
1835 28
1836 28
1837 28
1838 28
1839 28
1840 28
1841 28
1842 28
1843 28
1844 28
1845 28
1846 28
1847 28
1848 28
1849 28
1850 28
1851 28
1852 28
1853 28
1854 28
1855 28
1856 29
1857 29
1858 29
1859 29
1860 29
1861 29
1862 29
1863 29
1864 29
1865 29
1866 29
1867 29
1868 29
1869 29
1870 29
1871 29
1872 29
1873 29
1874 29
1875 29
1876 29
1877 29
1878 29
1879 29
1880 29
1881 29
1882 29
1883 29
1884 29
1885 29
1886 29
1887 29
1888 29
1889 29
1890 29
1891 29
1892 29
1893 29
1894 29
1895 29
1896 29
1897 29
1898 29
1899 29
1900 29
1901 29
1902 29
1903 29
1904 29
1905 29
1906 29
1907 29
1908 29
1909 29
1910 29
1911 29
1912 29
1913 29
1914 29
1915 29
1916 29
1917 29
1918 29
1919 29
1920 30
1921 30
1922 30
1923 30
1924 30
1925 30
1926 30
1927 30
1928 30
1929 30
1930 30
1931 30
1932 30
1933 30
1934 30
1935 30
1936 30
1937 30
1938 30
1939 30
1940 30
1941 30
1942 30
1943 30
1944 30
1945 30
1946 30
1947 30
1948 30
1949 30
1950 30
1951 30
1952 30
1953 30
1954 30
1955 30
1956 30
1957 30
1958 30
1959 30
1960 30
1961 30
1962 30
1963 30
1964 30
1965 30
1966 30
1967 30
1968 30
1969 30
1970 30
1971 30
1972 30
1973 30
1974 30
1975 30
1976 30
1977 30
1978 30
1979 30
1980 30
1981 30
1982 30
1983 30
1984 31
1985 31
1986 31
1987 31
1988 31
1989 31
1990 31
1991 31
1992 31
1993 31
1994 31
1995 31
1996 31
1997 31
1998 31
1999 31
2000 31
2001 31
2002 31
2003 31
2004 31
2005 31
2006 31
2007 31
2008 31
2009 31
2010 31
2011 31
2012 31
2013 31
2014 31
2015 31
2016 31
2017 31
2018 31
2019 31
2020 31
2021 31
2022 31
2023 31
2024 31
2025 31
2026 31
2027 31
2028 31
2029 31
2030 31
2031 31
2032 31
2033 31
2034 31
2035 31
2036 31
2037 31
2038 31
2039 31
2040 31
2041 31
2042 31
2043 31
2044 31
2045 31
2046 31
2047 31
2048 32
2049 32
2050 32
2051 32
2052 32
2053 32
2054 32
2055 32
2056 32
2057 32
2058 32
2059 32
2060 32
2061 32
2062 32
2063 32
2064 32
2065 32
2066 32
2067 32
2068 32
2069 32
2070 32
2071 32
2072 32
2073 32
2074 32
2075 32
2076 32
2077 32
2078 32
2079 32
2080 32
2081 32
2082 32
2083 32
2084 32
2085 32
2086 32
2087 32
2088 32
2089 32
2090 32
2091 32
2092 32
2093 32
2094 32
2095 32
2096 32
2097 32
2098 32
2099 32
2100 32
2101 32
2102 32
2103 32
2104 32
2105 32
2106 32
2107 32
2108 32
2109 32
2110 32
2111 32
2112 33
2113 33
2114 33
2115 33
2116 33
2117 33
2118 33
2119 33
2120 33
2121 33
2122 33
2123 33
2124 33
2125 33
2126 33
2127 33
2128 33
2129 33
2130 33
2131 33
2132 33
2133 33
2134 33
2135 33
2136 33
2137 33
2138 33
2139 33
2140 33
2141 33
2142 33
2143 33
2144 33
2145 33
2146 33
2147 33
2148 33
2149 33
2150 33
2151 33
2152 33
2153 33
2154 33
2155 33
2156 33
2157 33
2158 33
2159 33
2160 33
2161 33
2162 33
2163 33
2164 33
2165 33
2166 33
2167 33
2168 33
2169 33
2170 33
2171 33
2172 33
2173 33
2174 33
2175 33
2176 34
2177 34
2178 34
2179 34
2180 34
2181 34
2182 34
2183 34
2184 34
2185 34
2186 34
2187 34
2188 34
2189 34
2190 34
2191 34
2192 34
2193 34
2194 34
2195 34
2196 34
2197 34
2198 34
2199 34
2200 34
2201 34
2202 34
2203 34
2204 34
2205 34
2206 34
2207 34
2208 34
2209 34
2210 34
2211 34
2212 34
2213 34
2214 34
2215 34
2216 34
2217 34
2218 34
2219 34
2220 34
2221 34
2222 34
2223 34
2224 34
2225 34
2226 34
2227 34
2228 34
2229 34
2230 34
2231 34
2232 34
2233 34
2234 34
2235 34
2236 34
2237 34
2238 34
2239 34
2240 35
2241 35
2242 35
2243 35
2244 35
2245 35
2246 35
2247 35
2248 35
2249 35
2250 35
2251 35
2252 35
2253 35
2254 35
2255 35
2256 35
2257 35
2258 35
2259 35
2260 35
2261 35
2262 35
2263 35
2264 35
2265 35
2266 35
2267 35
2268 35
2269 35
2270 35
2271 35
2272 35
2273 35
2274 35
2275 35
2276 35
2277 35
2278 35
2279 35
2280 35
2281 35
2282 35
2283 35
2284 35
2285 35
2286 35
2287 35
2288 35
2289 35
2290 35
2291 35
2292 35
2293 35
2294 35
2295 35
2296 35
2297 35
2298 35
2299 35
2300 35
2301 35
2302 35
2303 35
2304 36
2305 36
2306 36
2307 36
2308 36
2309 36
2310 36
2311 36
2312 36
2313 36
2314 36
2315 36
2316 36
2317 36
2318 36
2319 36
2320 36
2321 36
2322 36
2323 36
2324 36
2325 36
2326 36
2327 36
2328 36
2329 36
2330 36
2331 36
2332 36
2333 36
2334 36
2335 36
2336 36
2337 36
2338 36
2339 36
2340 36
2341 36
2342 36
2343 36
2344 36
2345 36
2346 36
2347 36
2348 36
2349 36
2350 36
2351 36
2352 36
2353 36
2354 36
2355 36
2356 36
2357 36
2358 36
2359 36
2360 36
2361 36
2362 36
2363 36
2364 36
2365 36
2366 36
2367 36
2368 0
2369 0
2370 0
2371 0
2372 0
2373 0
2374 0
2375 0
2376 0
2377 0
2378 0
2379 0
2380 0
2381 0
2382 0
2383 0
2384 0
2385 0
2386 0
2387 0
2388 0
2389 0
2390 0
2391 0
2392 0
2393 0
2394 0
2395 0
2396 0
2397 0
2398 0
2399 0
2400 0
2401 0
2402 0
2403 0
2404 0
2405 0
2406 0
2407 0
2408 0
2409 0
2410 0
2411 0
2412 0
2413 0
2414 0
2415 0
2416 0
2417 0
2418 0
2419 0
2420 0
2421 0
2422 0
2423 0
2424 0
2425 0
2426 0
2427 0
2428 0
2429 0
2430 0
2431 0
2432 37
2433 37
2434 37
2435 37
2436 37
2437 37
2438 37
2439 37
2440 37
2441 37
2442 37
2443 37
2444 37
2445 37
2446 37
2447 37
2448 37
2449 37
2450 37
2451 37
2452 37
2453 37
2454 37
2455 37
2456 37
2457 37
2458 37
2459 37
2460 37
2461 37
2462 37
2463 37
2464 37
2465 37
2466 37
2467 37
2468 37
2469 37
2470 37
2471 37
2472 37
2473 37
2474 37
2475 37
2476 37
2477 37
2478 37
2479 37
2480 37
2481 37
2482 37
2483 37
2484 37
2485 37
2486 37
2487 37
2488 37
2489 37
2490 37
2491 37
2492 37
2493 37
2494 37
2495 37
2496 38
2497 38
2498 38
2499 38
2500 38
2501 38
2502 38
2503 38
2504 38
2505 38
2506 38
2507 38
2508 38
2509 38
2510 38
2511 38
2512 38
2513 38
2514 38
2515 38
2516 38
2517 38
2518 38
2519 38
2520 38
2521 38
2522 38
2523 38
2524 38
2525 38
2526 38
2527 38
2528 38
2529 38
2530 38
2531 38
2532 38
2533 38
2534 38
2535 38
2536 38
2537 38
2538 38
2539 38
2540 38
2541 38
2542 38
2543 38
2544 38
2545 38
2546 38
2547 38
2548 38
2549 38
2550 38
2551 38
2552 38
2553 38
2554 38
2555 38
2556 38
2557 38
2558 38
2559 38
2560 39
2561 39
2562 39
2563 39
2564 39
2565 39
2566 39
2567 39
2568 39
2569 39
2570 39
2571 39
2572 39
2573 39
2574 39
2575 39
2576 39
2577 39
2578 39
2579 39
2580 39
2581 39
2582 39
2583 39
2584 39
2585 39
2586 39
2587 39
2588 39
2589 39
2590 39
2591 39
2592 39
2593 39
2594 39
2595 39
2596 39
2597 39
2598 39
2599 39
2600 39
2601 39
2602 39
2603 39
2604 39
2605 39
2606 39
2607 39
2608 39
2609 39
2610 39
2611 39
2612 39
2613 39
2614 39
2615 39
2616 39
2617 39
2618 39
2619 39
2620 39
2621 39
2622 39
2623 39
2624 40
2625 40
2626 40
2627 40
2628 40
2629 40
2630 40
2631 40
2632 40
2633 40
2634 40
2635 40
2636 40
2637 40
2638 40
2639 40
2640 40
2641 40
2642 40
2643 40
2644 40
2645 40
2646 40
2647 40
2648 40
2649 40
2650 40
2651 40
2652 40
2653 40
2654 40
2655 40
2656 40
2657 40
2658 40
2659 40
2660 40
2661 40
2662 40
2663 40
2664 40
2665 40
2666 40
2667 40
2668 40
2669 40
2670 40
2671 40
2672 40
2673 40
2674 40
2675 40
2676 40
2677 40
2678 40
2679 40
2680 40
2681 40
2682 40
2683 40
2684 40
2685 40
2686 40
2687 40
2688 41
2689 41
2690 41
2691 41
2692 41
2693 41
2694 41
2695 41
2696 41
2697 41
2698 41
2699 41
2700 41
2701 41
2702 41
2703 41
2704 41
2705 41
2706 41
2707 41
2708 41
2709 41
2710 41
2711 41
2712 41
2713 41
2714 41
2715 41
2716 41
2717 41
2718 41
2719 41
2720 41
2721 41
2722 41
2723 41
2724 41
2725 41
2726 41
2727 41
2728 41
2729 41
2730 41
2731 41
2732 41
2733 41
2734 41
2735 41
2736 41
2737 41
2738 41
2739 41
2740 41
2741 41
2742 41
2743 41
2744 41
2745 41
2746 41
2747 41
2748 41
2749 41
2750 41
2751 41
2752 42
2753 42
2754 42
2755 42
2756 42
2757 42
2758 42
2759 42
2760 42
2761 42
2762 42
2763 42
2764 42
2765 42
2766 42
2767 42
2768 42
2769 42
2770 42
2771 42
2772 42
2773 42
2774 42
2775 42
2776 42
2777 42
2778 42
2779 42
2780 42
2781 42
2782 42
2783 42
2784 42
2785 42
2786 42
2787 42
2788 42
2789 42
2790 42
2791 42
2792 42
2793 42
2794 42
2795 42
2796 42
2797 42
2798 42
2799 42
2800 42
2801 42
2802 42
2803 42
2804 42
2805 42
2806 42
2807 42
2808 42
2809 42
2810 42
2811 42
2812 42
2813 42
2814 42
2815 42
2816 43
2817 43
2818 43
2819 43
2820 43
2821 43
2822 43
2823 43
2824 43
2825 43
2826 43
2827 43
2828 43
2829 43
2830 43
2831 43
2832 43
2833 43
2834 43
2835 43
2836 43
2837 43
2838 43
2839 43
2840 43
2841 43
2842 43
2843 43
2844 43
2845 43
2846 43
2847 43
2848 43
2849 43
2850 43
2851 43
2852 43
2853 43
2854 43
2855 43
2856 43
2857 43
2858 43
2859 43
2860 43
2861 43
2862 43
2863 43
2864 43
2865 43
2866 43
2867 43
2868 43
2869 43
2870 43
2871 43
2872 43
2873 43
2874 43
2875 43
2876 43
2877 43
2878 43
2879 43
2880 44
2881 44
2882 44
2883 44
2884 44
2885 44
2886 44
2887 44
2888 44
2889 44
2890 44
2891 44
2892 44
2893 44
2894 44
2895 44
2896 44
2897 44
2898 44
2899 44
2900 44
2901 44
2902 44
2903 44
2904 44
2905 44
2906 44
2907 44
2908 44
2909 44
2910 44
2911 44
2912 44
2913 44
2914 44
2915 44
2916 44
2917 44
2918 44
2919 44
2920 44
2921 44
2922 44
2923 44
2924 44
2925 44
2926 44
2927 44
2928 44
2929 44
2930 44
2931 44
2932 44
2933 44
2934 44
2935 44
2936 44
2937 44
2938 44
2939 44
2940 44
2941 44
2942 44
2943 44
2944 45
2945 45
2946 45
2947 45
2948 45
2949 45
2950 45
2951 45
2952 45
2953 45
2954 45
2955 45
2956 45
2957 45
2958 45
2959 45
2960 45
2961 45
2962 45
2963 45
2964 45
2965 45
2966 45
2967 45
2968 45
2969 45
2970 45
2971 45
2972 45
2973 45
2974 45
2975 45
2976 45
2977 45
2978 45
2979 45
2980 45
2981 45
2982 45
2983 45
2984 45
2985 45
2986 45
2987 45
2988 45
2989 45
2990 45
2991 45
2992 45
2993 45
2994 45
2995 45
2996 45
2997 45
2998 45
2999 45
3000 45
3001 45
3002 45
3003 45
3004 45
3005 45
3006 45
3007 45
3008 46
3009 46
3010 46
3011 46
3012 46
3013 46
3014 46
3015 46
3016 46
3017 46
3018 46
3019 46
3020 46
3021 46
3022 46
3023 46
3024 46
3025 46
3026 46
3027 46
3028 46
3029 46
3030 46
3031 46
3032 46
3033 46
3034 46
3035 46
3036 46
3037 46
3038 46
3039 46
3040 46
3041 46
3042 46
3043 46
3044 46
3045 46
3046 46
3047 46
3048 46
3049 46
3050 46
3051 46
3052 46
3053 46
3054 46
3055 46
3056 46
3057 46
3058 46
3059 46
3060 46
3061 46
3062 46
3063 46
3064 46
3065 46
3066 46
3067 46
3068 46
3069 46
3070 46
3071 46
3072 47
3073 47
3074 47
3075 47
3076 47
3077 47
3078 47
3079 47
3080 47
3081 47
3082 47
3083 47
3084 47
3085 47
3086 47
3087 47
3088 47
3089 47
3090 47
3091 47
3092 47
3093 47
3094 47
3095 47
3096 47
3097 47
3098 47
3099 47
3100 47
3101 47
3102 47
3103 47
3104 47
3105 47
3106 47
3107 47
3108 47
3109 47
3110 47
3111 47
3112 47
3113 47
3114 47
3115 47
3116 47
3117 47
3118 47
3119 47
3120 47
3121 47
3122 47
3123 47
3124 47
3125 47
3126 47
3127 47
3128 47
3129 47
3130 47
3131 47
3132 47
3133 47
3134 47
3135 47
3136 48
3137 48
3138 48
3139 48
3140 48
3141 48
3142 48
3143 48
3144 48
3145 48
3146 48
3147 48
3148 48
3149 48
3150 48
3151 48
3152 48
3153 48
3154 48
3155 48
3156 48
3157 48
3158 48
3159 48
3160 48
3161 48
3162 48
3163 48
3164 48
3165 48
3166 48
3167 48
3168 48
3169 48
3170 48
3171 48
3172 48
3173 48
3174 48
3175 48
3176 48
3177 48
3178 48
3179 48
3180 48
3181 48
3182 48
3183 48
3184 48
3185 48
3186 48
3187 48
3188 48
3189 48
3190 48
3191 48
3192 48
3193 48
3194 48
3195 48
3196 48
3197 48
3198 48
3199 48
3200 49
3201 49
3202 49
3203 49
3204 49
3205 49
3206 49
3207 49
3208 49
3209 49
3210 49
3211 49
3212 49
3213 49
3214 49
3215 49
3216 49
3217 49
3218 49
3219 49
3220 49
3221 49
3222 49
3223 49
3224 49
3225 49
3226 49
3227 49
3228 49
3229 49
3230 49
3231 49
3232 49
3233 49
3234 49
3235 49
3236 49
3237 49
3238 49
3239 49
3240 49
3241 49
3242 49
3243 49
3244 49
3245 49
3246 49
3247 49
3248 49
3249 49
3250 49
3251 49
3252 49
3253 49
3254 49
3255 49
3256 49
3257 49
3258 49
3259 49
3260 49
3261 49
3262 49
3263 49
3264 50
3265 50
3266 50
3267 50
3268 50
3269 50
3270 50
3271 50
3272 50
3273 50
3274 50
3275 50
3276 50
3277 50
3278 50
3279 50
3280 50
3281 50
3282 50
3283 50
3284 50
3285 50
3286 50
3287 50
3288 50
3289 50
3290 50
3291 50
3292 50
3293 50
3294 50
3295 50
3296 50
3297 50
3298 50
3299 50
3300 50
3301 50
3302 50
3303 50
3304 50
3305 50
3306 50
3307 50
3308 50
3309 50
3310 50
3311 50
3312 50
3313 50
3314 50
3315 50
3316 50
3317 50
3318 50
3319 50
3320 50
3321 50
3322 50
3323 50
3324 50
3325 50
3326 50
3327 50
3328 51
3329 51
3330 51
3331 51
3332 51
3333 51
3334 51
3335 51
3336 51
3337 51
3338 51
3339 51
3340 51
3341 51
3342 51
3343 51
3344 51
3345 51
3346 51
3347 51
3348 51
3349 51
3350 51
3351 51
3352 51
3353 51
3354 51
3355 51
3356 51
3357 51
3358 51
3359 51
3360 51
3361 51
3362 51
3363 51
3364 51
3365 51
3366 51
3367 51
3368 51
3369 51
3370 51
3371 51
3372 51
3373 51
3374 51
3375 51
3376 51
3377 51
3378 51
3379 51
3380 51
3381 51
3382 51
3383 51
3384 51
3385 51
3386 51
3387 51
3388 51
3389 51
3390 51
3391 51
3392 52
3393 52
3394 52
3395 52
3396 52
3397 52
3398 52
3399 52
3400 52
3401 52
3402 52
3403 52
3404 52
3405 52
3406 52
3407 52
3408 52
3409 52
3410 52
3411 52
3412 52
3413 52
3414 52
3415 52
3416 52
3417 52
3418 52
3419 52
3420 52
3421 52
3422 52
3423 52
3424 52
3425 52
3426 52
3427 52
3428 52
3429 52
3430 52
3431 52
3432 52
3433 52
3434 52
3435 52
3436 52
3437 52
3438 52
3439 52
3440 52
3441 52
3442 52
3443 52
3444 52
3445 52
3446 52
3447 52
3448 52
3449 52
3450 52
3451 52
3452 52
3453 52
3454 52
3455 52
3456 53
3457 53
3458 53
3459 53
3460 53
3461 53
3462 53
3463 53
3464 53
3465 53
3466 53
3467 53
3468 53
3469 53
3470 53
3471 53
3472 53
3473 53
3474 53
3475 53
3476 53
3477 53
3478 53
3479 53
3480 53
3481 53
3482 53
3483 53
3484 53
3485 53
3486 53
3487 53
3488 53
3489 53
3490 53
3491 53
3492 53
3493 53
3494 53
3495 53
3496 53
3497 53
3498 53
3499 53
3500 53
3501 53
3502 53
3503 53
3504 53
3505 53
3506 53
3507 53
3508 53
3509 53
3510 53
3511 53
3512 53
3513 53
3514 53
3515 53
3516 53
3517 53
3518 53
3519 53
3520 54
3521 54
3522 54
3523 54
3524 54
3525 54
3526 54
3527 54
3528 54
3529 54
3530 54
3531 54
3532 54
3533 54
3534 54
3535 54
3536 54
3537 54
3538 54
3539 54
3540 54
3541 54
3542 54
3543 54
3544 54
3545 54
3546 54
3547 54
3548 54
3549 54
3550 54
3551 54
3552 54
3553 54
3554 54
3555 54
3556 54
3557 54
3558 54
3559 54
3560 54
3561 54
3562 54
3563 54
3564 54
3565 54
3566 54
3567 54
3568 54
3569 54
3570 54
3571 54
3572 54
3573 54
3574 54
3575 54
3576 54
3577 54
3578 54
3579 54
3580 54
3581 54
3582 54
3583 54
3584 55
3585 55
3586 55
3587 55
3588 55
3589 55
3590 55
3591 55
3592 55
3593 55
3594 55
3595 55
3596 55
3597 55
3598 55
3599 55
3600 55
3601 55
3602 55
3603 55
3604 55
3605 55
3606 55
3607 55
3608 55
3609 55
3610 55
3611 55
3612 55
3613 55
3614 55
3615 55
3616 55
3617 55
3618 55
3619 55
3620 55
3621 55
3622 55
3623 55
3624 55
3625 55
3626 55
3627 55
3628 55
3629 55
3630 55
3631 55
3632 55
3633 55
3634 55
3635 55
3636 55
3637 55
3638 55
3639 55
3640 55
3641 55
3642 55
3643 55
3644 55
3645 55
3646 55
3647 55
3648 56
3649 56
3650 56
3651 56
3652 56
3653 56
3654 56
3655 56
3656 56
3657 56
3658 56
3659 56
3660 56
3661 56
3662 56
3663 56
3664 56
3665 56
3666 56
3667 56
3668 56
3669 56
3670 56
3671 56
3672 56
3673 56
3674 56
3675 56
3676 56
3677 56
3678 56
3679 56
3680 56
3681 56
3682 56
3683 56
3684 56
3685 56
3686 56
3687 56
3688 56
3689 56
3690 56
3691 56
3692 56
3693 56
3694 56
3695 56
3696 56
3697 56
3698 56
3699 56
3700 56
3701 56
3702 56
3703 56
3704 56
3705 56
3706 56
3707 56
3708 56
3709 56
3710 56
3711 56
3712 57
3713 57
3714 57
3715 57
3716 57
3717 57
3718 57
3719 57
3720 57
3721 57
3722 57
3723 57
3724 57
3725 57
3726 57
3727 57
3728 57
3729 57
3730 57
3731 57
3732 57
3733 57
3734 57
3735 57
3736 57
3737 57
3738 57
3739 57
3740 57
3741 57
3742 57
3743 57
3744 57
3745 57
3746 57
3747 57
3748 57
3749 57
3750 57
3751 57
3752 57
3753 57
3754 57
3755 57
3756 57
3757 57
3758 57
3759 57
3760 57
3761 57
3762 57
3763 57
3764 57
3765 57
3766 57
3767 57
3768 57
3769 57
3770 57
3771 57
3772 57
3773 57
3774 57
3775 57
3776 58
3777 58
3778 58
3779 58
3780 58
3781 58
3782 58
3783 58
3784 58
3785 58
3786 58
3787 58
3788 58
3789 58
3790 58
3791 58
3792 58
3793 58
3794 58
3795 58
3796 58
3797 58
3798 58
3799 58
3800 58
3801 58
3802 58
3803 58
3804 58
3805 58
3806 58
3807 58
3808 58
3809 58
3810 58
3811 58
3812 58
3813 58
3814 58
3815 58
3816 58
3817 58
3818 58
3819 58
3820 58
3821 58
3822 58
3823 58
3824 58
3825 58
3826 58
3827 58
3828 58
3829 58
3830 58
3831 58
3832 58
3833 58
3834 58
3835 58
3836 58
3837 58
3838 58
3839 58
3840 59
3841 59
3842 59
3843 59
3844 59
3845 59
3846 59
3847 59
3848 59
3849 59
3850 59
3851 59
3852 59
3853 59
3854 59
3855 59
3856 59
3857 59
3858 59
3859 59
3860 59
3861 59
3862 59
3863 59
3864 59
3865 59
3866 59
3867 59
3868 59
3869 59
3870 59
3871 59
3872 59
3873 59
3874 59
3875 59
3876 59
3877 59
3878 59
3879 59
3880 59
3881 59
3882 59
3883 59
3884 59
3885 59
3886 59
3887 59
3888 59
3889 59
3890 59
3891 59
3892 59
3893 59
3894 59
3895 59
3896 59
3897 59
3898 59
3899 59
3900 59
3901 59
3902 59
3903 59
3904 60
3905 60
3906 60
3907 60
3908 60
3909 60
3910 60
3911 60
3912 60
3913 60
3914 60
3915 60
3916 60
3917 60
3918 60
3919 60
3920 60
3921 60
3922 60
3923 60
3924 60
3925 60
3926 60
3927 60
3928 60
3929 60
3930 60
3931 60
3932 60
3933 60
3934 60
3935 60
3936 60
3937 60
3938 60
3939 60
3940 60
3941 60
3942 60
3943 60
3944 60
3945 60
3946 60
3947 60
3948 60
3949 60
3950 60
3951 60
3952 60
3953 60
3954 60
3955 60
3956 60
3957 60
3958 60
3959 60
3960 60
3961 60
3962 60
3963 60
3964 60
3965 60
3966 60
3967 60
3968 0
3969 0
3970 0
3971 0
3972 0
3973 0
3974 0
3975 0
3976 0
3977 0
3978 0
3979 0
3980 0
3981 0
3982 0
3983 0
3984 0
3985 0
3986 0
3987 0
3988 0
3989 0
3990 0
3991 0
3992 0
3993 0
3994 0
3995 0
3996 0
3997 0
3998 0
3999 0
4000 0
4001 0
4002 0
4003 0
4004 0
4005 0
4006 0
4007 0
4008 0
4009 0
4010 0
4011 0
4012 0
4013 0
4014 0
4015 0
4016 0
4017 0
4018 0
4019 0
4020 0
4021 0
4022 0
4023 0
4024 0
4025 0
4026 0
4027 0
4028 0
4029 0
4030 0
4031 0
4032 61
4033 61
4034 61
4035 61
4036 61
4037 61
4038 61
4039 61
4040 61
4041 61
4042 61
4043 61
4044 61
4045 61
4046 61
4047 61
4048 61
4049 61
4050 61
4051 61
4052 61
4053 61
4054 61
4055 61
4056 61
4057 61
4058 61
4059 61
4060 61
4061 61
4062 61
4063 61
4064 61
4065 61
4066 61
4067 61
4068 61
4069 61
4070 61
4071 61
4072 61
4073 61
4074 61
4075 61
4076 61
4077 61
4078 61
4079 61
4080 61
4081 61
4082 61
4083 61
4084 61
4085 61
4086 61
4087 61
4088 61
4089 61
4090 61
4091 61
4092 61
4093 61
4094 61
4095 61
4096 62
4097 62
4098 62
4099 62
4100 62
4101 62
4102 62
4103 62
4104 62
4105 62
4106 62
4107 62
4108 62
4109 62
4110 62
4111 62
4112 62
4113 62
4114 62
4115 62
4116 62
4117 62
4118 62
4119 62
4120 62
4121 62
4122 62
4123 62
4124 62
4125 62
4126 62
4127 62
4128 62
4129 62
4130 62
4131 62
4132 62
4133 62
4134 62
4135 62
4136 62
4137 62
4138 62
4139 62
4140 62
4141 62
4142 62
4143 62
4144 62
4145 62
4146 62
4147 62
4148 62
4149 62
4150 62
4151 62
4152 62
4153 62
4154 62
4155 62
4156 62
4157 62
4158 62
4159 62
4160 33
4161 33
4162 33
4163 33
4164 33
4165 33
4166 33
4167 33
4168 33
4169 33
4170 33
4171 33
4172 33
4173 33
4174 33
4175 33
4176 33
4177 33
4178 33
4179 33
4180 33
4181 33
4182 33
4183 33
4184 33
4185 33
4186 33
4187 33
4188 33
4189 33
4190 33
4191 33
4192 33
4193 33
4194 33
4195 33
4196 33
4197 33
4198 33
4199 33
4200 33
4201 33
4202 33
4203 33
4204 33
4205 33
4206 33
4207 33
4208 33
4209 33
4210 33
4211 33
4212 33
4213 33
4214 33
4215 33
4216 33
4217 33
4218 33
4219 33
4220 33
4221 33
4222 33
4223 33
4224 63
4225 63
4226 63
4227 63
4228 63
4229 63
4230 63
4231 63
4232 63
4233 63
4234 63
4235 63
4236 63
4237 63
4238 63
4239 63
4240 63
4241 63
4242 63
4243 63
4244 63
4245 63
4246 63
4247 63
4248 63
4249 63
4250 63
4251 63
4252 63
4253 63
4254 63
4255 63
4256 63
4257 63
4258 63
4259 63
4260 63
4261 63
4262 63
4263 63
4264 63
4265 63
4266 63
4267 63
4268 63
4269 63
4270 63
4271 63
4272 63
4273 63
4274 63
4275 63
4276 63
4277 63
4278 63
4279 63
4280 63
4281 63
4282 63
4283 63
4284 63
4285 63
4286 63
4287 63
4288 64
4289 64
4290 64
4291 64
4292 64
4293 64
4294 64
4295 64
4296 64
4297 64
4298 64
4299 64
4300 64
4301 64
4302 64
4303 64
4304 64
4305 64
4306 64
4307 64
4308 64
4309 64
4310 64
4311 64
4312 64
4313 64
4314 64
4315 64
4316 64
4317 64
4318 64
4319 64
4320 64
4321 64
4322 64
4323 64
4324 64
4325 64
4326 64
4327 64
4328 64
4329 64
4330 64
4331 64
4332 64
4333 64
4334 64
4335 64
4336 64
4337 64
4338 64
4339 64
4340 64
4341 64
4342 64
4343 64
4344 64
4345 64
4346 64
4347 64
4348 64
4349 64
4350 64
4351 64
4352 63
4353 63
4354 63
4355 63
4356 63
4357 63
4358 63
4359 63
4360 63
4361 63
4362 63
4363 63
4364 63
4365 63
4366 63
4367 63
4368 63
4369 63
4370 63
4371 63
4372 63
4373 63
4374 63
4375 63
4376 63
4377 63
4378 63
4379 63
4380 63
4381 63
4382 63
4383 63
4384 63
4385 63
4386 63
4387 63
4388 63
4389 63
4390 63
4391 63
4392 63
4393 63
4394 63
4395 63
4396 63
4397 63
4398 63
4399 63
4400 63
4401 63
4402 63
4403 63
4404 63
4405 63
4406 63
4407 63
4408 63
4409 63
4410 63
4411 63
4412 63
4413 63
4414 63
4415 63
4416 65
4417 65
4418 65
4419 65
4420 65
4421 65
4422 65
4423 65
4424 65
4425 65
4426 65
4427 65
4428 65
4429 65
4430 65
4431 65
4432 65
4433 65
4434 65
4435 65
4436 65
4437 65
4438 65
4439 65
4440 65
4441 65
4442 65
4443 65
4444 65
4445 65
4446 65
4447 65
4448 65
4449 65
4450 65
4451 65
4452 65
4453 65
4454 65
4455 65
4456 65
4457 65
4458 65
4459 65
4460 65
4461 65
4462 65
4463 65
4464 65
4465 65
4466 65
4467 65
4468 65
4469 65
4470 65
4471 65
4472 65
4473 65
4474 65
4475 65
4476 65
4477 65
4478 65
4479 65
4480 38
4481 38
4482 38
4483 38
4484 38
4485 38
4486 38
4487 38
4488 38
4489 38
4490 38
4491 38
4492 38
4493 38
4494 38
4495 38
4496 38
4497 38
4498 38
4499 38
4500 38
4501 38
4502 38
4503 38
4504 38
4505 38
4506 38
4507 38
4508 38
4509 38
4510 38
4511 38
4512 38
4513 38
4514 38
4515 38
4516 38
4517 38
4518 38
4519 38
4520 38
4521 38
4522 38
4523 38
4524 38
4525 38
4526 38
4527 38
4528 38
4529 38
4530 38
4531 38
4532 38
4533 38
4534 38
4535 38
4536 38
4537 38
4538 38
4539 38
4540 38
4541 38
4542 38
4543 38
4544 66
4545 66
4546 66
4547 66
4548 66
4549 66
4550 66
4551 66
4552 66
4553 66
4554 66
4555 66
4556 66
4557 66
4558 66
4559 66
4560 66
4561 66
4562 66
4563 66
4564 66
4565 66
4566 66
4567 66
4568 66
4569 66
4570 66
4571 66
4572 66
4573 66
4574 66
4575 66
4576 66
4577 66
4578 66
4579 66
4580 66
4581 66
4582 66
4583 66
4584 66
4585 66
4586 66
4587 66
4588 66
4589 66
4590 66
4591 66
4592 66
4593 66
4594 66
4595 66
4596 66
4597 66
4598 66
4599 66
4600 66
4601 66
4602 66
4603 66
4604 66
4605 66
4606 66
4607 66
4608 67
4609 67
4610 67
4611 67
4612 67
4613 67
4614 67
4615 67
4616 67
4617 67
4618 67
4619 67
4620 67
4621 67
4622 67
4623 67
4624 67
4625 67
4626 67
4627 67
4628 67
4629 67
4630 67
4631 67
4632 67
4633 67
4634 67
4635 67
4636 67
4637 67
4638 67
4639 67
4640 67
4641 67
4642 67
4643 67
4644 67
4645 67
4646 67
4647 67
4648 67
4649 67
4650 67
4651 67
4652 67
4653 67
4654 67
4655 67
4656 67
4657 67
4658 67
4659 67
4660 67
4661 67
4662 67
4663 67
4664 67
4665 67
4666 67
4667 67
4668 67
4669 67
4670 67
4671 67
4672 68
4673 68
4674 68
4675 68
4676 68
4677 68
4678 68
4679 68
4680 68
4681 68
4682 68
4683 68
4684 68
4685 68
4686 68
4687 68
4688 68
4689 68
4690 68
4691 68
4692 68
4693 68
4694 68
4695 68
4696 68
4697 68
4698 68
4699 68
4700 68
4701 68
4702 68
4703 68
4704 68
4705 68
4706 68
4707 68
4708 68
4709 68
4710 68
4711 68
4712 68
4713 68
4714 68
4715 68
4716 68
4717 68
4718 68
4719 68
4720 68
4721 68
4722 68
4723 68
4724 68
4725 68
4726 68
4727 68
4728 68
4729 68
4730 68
4731 68
4732 68
4733 68
4734 68
4735 68
4736 69
4737 69
4738 69
4739 69
4740 69
4741 69
4742 69
4743 69
4744 69
4745 69
4746 69
4747 69
4748 69
4749 69
4750 69
4751 69
4752 69
4753 69
4754 69
4755 69
4756 69
4757 69
4758 69
4759 69
4760 69
4761 69
4762 69
4763 69
4764 69
4765 69
4766 69
4767 69
4768 69
4769 69
4770 69
4771 69
4772 69
4773 69
4774 69
4775 69
4776 69
4777 69
4778 69
4779 69
4780 69
4781 69
4782 69
4783 69
4784 69
4785 69
4786 69
4787 69
4788 69
4789 69
4790 69
4791 69
4792 69
4793 69
4794 69
4795 69
4796 69
4797 69
4798 69
4799 69
4800 70
4801 70
4802 70
4803 70
4804 70
4805 70
4806 70
4807 70
4808 70
4809 70
4810 70
4811 70
4812 70
4813 70
4814 70
4815 70
4816 70
4817 70
4818 70
4819 70
4820 70
4821 70
4822 70
4823 70
4824 70
4825 70
4826 70
4827 70
4828 70
4829 70
4830 70
4831 70
4832 70
4833 70
4834 70
4835 70
4836 70
4837 70
4838 70
4839 70
4840 70
4841 70
4842 70
4843 70
4844 70
4845 70
4846 70
4847 70
4848 70
4849 70
4850 70
4851 70
4852 70
4853 70
4854 70
4855 70
4856 70
4857 70
4858 70
4859 70
4860 70
4861 70
4862 70
4863 70
4864 71
4865 71
4866 71
4867 71
4868 71
4869 71
4870 71
4871 71
4872 71
4873 71
4874 71
4875 71
4876 71
4877 71
4878 71
4879 71
4880 71
4881 71
4882 71
4883 71
4884 71
4885 71
4886 71
4887 71
4888 71
4889 71
4890 71
4891 71
4892 71
4893 71
4894 71
4895 71
4896 71
4897 71
4898 71
4899 71
4900 71
4901 71
4902 71
4903 71
4904 71
4905 71
4906 71
4907 71
4908 71
4909 71
4910 71
4911 71
4912 71
4913 71
4914 71
4915 71
4916 71
4917 71
4918 71
4919 71
4920 71
4921 71
4922 71
4923 71
4924 71
4925 71
4926 71
4927 71
4928 72
4929 72
4930 72
4931 72
4932 72
4933 72
4934 72
4935 72
4936 72
4937 72
4938 72
4939 72
4940 72
4941 72
4942 72
4943 72
4944 72
4945 72
4946 72
4947 72
4948 72
4949 72
4950 72
4951 72
4952 72
4953 72
4954 72
4955 72
4956 72
4957 72
4958 72
4959 72
4960 72
4961 72
4962 72
4963 72
4964 72
4965 72
4966 72
4967 72
4968 72
4969 72
4970 72
4971 72
4972 72
4973 72
4974 72
4975 72
4976 72
4977 72
4978 72
4979 72
4980 72
4981 72
4982 72
4983 72
4984 72
4985 72
4986 72
4987 72
4988 72
4989 72
4990 72
4991 72
4992 73
4993 73
4994 73
4995 73
4996 73
4997 73
4998 73
4999 73
5000 73
5001 73
5002 73
5003 73
5004 73
5005 73
5006 73
5007 73
5008 73
5009 73
5010 73
5011 73
5012 73
5013 73
5014 73
5015 73
5016 73
5017 73
5018 73
5019 73
5020 73
5021 73
5022 73
5023 73
5024 73
5025 73
5026 73
5027 73
5028 73
5029 73
5030 73
5031 73
5032 73
5033 73
5034 73
5035 73
5036 73
5037 73
5038 73
5039 73
5040 73
5041 73
5042 73
5043 73
5044 73
5045 73
5046 73
5047 73
5048 73
5049 73
5050 73
5051 73
5052 73
5053 73
5054 73
5055 73
5056 74
5057 74
5058 74
5059 74
5060 74
5061 74
5062 74
5063 74
5064 74
5065 74
5066 74
5067 74
5068 74
5069 74
5070 74
5071 74
5072 74
5073 74
5074 74
5075 74
5076 74
5077 74
5078 74
5079 74
5080 74
5081 74
5082 74
5083 74
5084 74
5085 74
5086 74
5087 74
5088 74
5089 74
5090 74
5091 74
5092 74
5093 74
5094 74
5095 74
5096 74
5097 74
5098 74
5099 74
5100 74
5101 74
5102 74
5103 74
5104 74
5105 74
5106 74
5107 74
5108 74
5109 74
5110 74
5111 74
5112 74
5113 74
5114 74
5115 74
5116 74
5117 74
5118 74
5119 74
5120 75
5121 75
5122 75
5123 75
5124 75
5125 75
5126 75
5127 75
5128 75
5129 75
5130 75
5131 75
5132 75
5133 75
5134 75
5135 75
5136 75
5137 75
5138 75
5139 75
5140 75
5141 75
5142 75
5143 75
5144 75
5145 75
5146 75
5147 75
5148 75
5149 75
5150 75
5151 75
5152 75
5153 75
5154 75
5155 75
5156 75
5157 75
5158 75
5159 75
5160 75
5161 75
5162 75
5163 75
5164 75
5165 75
5166 75
5167 75
5168 75
5169 75
5170 75
5171 75
5172 75
5173 75
5174 75
5175 75
5176 75
5177 75
5178 75
5179 75
5180 75
5181 75
5182 75
5183 75
5184 76
5185 76
5186 76
5187 76
5188 76
5189 76
5190 76
5191 76
5192 76
5193 76
5194 76
5195 76
5196 76
5197 76
5198 76
5199 76
5200 76
5201 76
5202 76
5203 76
5204 76
5205 76
5206 76
5207 76
5208 76
5209 76
5210 76
5211 76
5212 76
5213 76
5214 76
5215 76
5216 76
5217 76
5218 76
5219 76
5220 76
5221 76
5222 76
5223 76
5224 76
5225 76
5226 76
5227 76
5228 76
5229 76
5230 76
5231 76
5232 76
5233 76
5234 76
5235 76
5236 76
5237 76
5238 76
5239 76
5240 76
5241 76
5242 76
5243 76
5244 76
5245 76
5246 76
5247 76
5248 77
5249 77
5250 77
5251 77
5252 77
5253 77
5254 77
5255 77
5256 77
5257 77
5258 77
5259 77
5260 77
5261 77
5262 77
5263 77
5264 77
5265 77
5266 77
5267 77
5268 77
5269 77
5270 77
5271 77
5272 77
5273 77
5274 77
5275 77
5276 77
5277 77
5278 77
5279 77
5280 77
5281 77
5282 77
5283 77
5284 77
5285 77
5286 77
5287 77
5288 77
5289 77
5290 77
5291 77
5292 77
5293 77
5294 77
5295 77
5296 77
5297 77
5298 77
5299 77
5300 77
5301 77
5302 77
5303 77
5304 77
5305 77
5306 77
5307 77
5308 77
5309 77
5310 77
5311 77
5312 78
5313 78
5314 78
5315 78
5316 78
5317 78
5318 78
5319 78
5320 78
5321 78
5322 78
5323 78
5324 78
5325 78
5326 78
5327 78
5328 78
5329 78
5330 78
5331 78
5332 78
5333 78
5334 78
5335 78
5336 78
5337 78
5338 78
5339 78
5340 78
5341 78
5342 78
5343 78
5344 78
5345 78
5346 78
5347 78
5348 78
5349 78
5350 78
5351 78
5352 78
5353 78
5354 78
5355 78
5356 78
5357 78
5358 78
5359 78
5360 78
5361 78
5362 78
5363 78
5364 78
5365 78
5366 78
5367 78
5368 78
5369 78
5370 78
5371 78
5372 78
5373 78
5374 78
5375 78
5376 79
5377 79
5378 79
5379 79
5380 79
5381 79
5382 79
5383 79
5384 79
5385 79
5386 79
5387 79
5388 79
5389 79
5390 79
5391 79
5392 79
5393 79
5394 79
5395 79
5396 79
5397 79
5398 79
5399 79
5400 79
5401 79
5402 79
5403 79
5404 79
5405 79
5406 79
5407 79
5408 79
5409 79
5410 79
5411 79
5412 79
5413 79
5414 79
5415 79
5416 79
5417 79
5418 79
5419 79
5420 79
5421 79
5422 79
5423 79
5424 79
5425 79
5426 79
5427 79
5428 79
5429 79
5430 79
5431 79
5432 79
5433 79
5434 79
5435 79
5436 79
5437 79
5438 79
5439 79
5440 80
5441 80
5442 80
5443 80
5444 80
5445 80
5446 80
5447 80
5448 80
5449 80
5450 80
5451 80
5452 80
5453 80
5454 80
5455 80
5456 80
5457 80
5458 80
5459 80
5460 80
5461 80
5462 80
5463 80
5464 80
5465 80
5466 80
5467 80
5468 80
5469 80
5470 80
5471 80
5472 80
5473 80
5474 80
5475 80
5476 80
5477 80
5478 80
5479 80
5480 80
5481 80
5482 80
5483 80
5484 80
5485 80
5486 80
5487 80
5488 80
5489 80
5490 80
5491 80
5492 80
5493 80
5494 80
5495 80
5496 80
5497 80
5498 80
5499 80
5500 80
5501 80
5502 80
5503 80
5504 81
5505 81
5506 81
5507 81
5508 81
5509 81
5510 81
5511 81
5512 81
5513 81
5514 81
5515 81
5516 81
5517 81
5518 81
5519 81
5520 81
5521 81
5522 81
5523 81
5524 81
5525 81
5526 81
5527 81
5528 81
5529 81
5530 81
5531 81
5532 81
5533 81
5534 81
5535 81
5536 81
5537 81
5538 81
5539 81
5540 81
5541 81
5542 81
5543 81
5544 81
5545 81
5546 81
5547 81
5548 81
5549 81
5550 81
5551 81
5552 81
5553 81
5554 81
5555 81
5556 81
5557 81
5558 81
5559 81
5560 81
5561 81
5562 81
5563 81
5564 81
5565 81
5566 81
5567 81
5568 82
5569 82
5570 82
5571 82
5572 82
5573 82
5574 82
5575 82
5576 82
5577 82
5578 82
5579 82
5580 82
5581 82
5582 82
5583 82
5584 82
5585 82
5586 82
5587 82
5588 82
5589 82
5590 82
5591 82
5592 82
5593 82
5594 82
5595 82
5596 82
5597 82
5598 82
5599 82
5600 82
5601 82
5602 82
5603 82
5604 82
5605 82
5606 82
5607 82
5608 82
5609 82
5610 82
5611 82
5612 82
5613 82
5614 82
5615 82
5616 82
5617 82
5618 82
5619 82
5620 82
5621 82
5622 82
5623 82
5624 82
5625 82
5626 82
5627 82
5628 82
5629 82
5630 82
5631 82
5632 83
5633 83
5634 83
5635 83
5636 83
5637 83
5638 83
5639 83
5640 83
5641 83
5642 83
5643 83
5644 83
5645 83
5646 83
5647 83
5648 83
5649 83
5650 83
5651 83
5652 83
5653 83
5654 83
5655 83
5656 83
5657 83
5658 83
5659 83
5660 83
5661 83
5662 83
5663 83
5664 83
5665 83
5666 83
5667 83
5668 83
5669 83
5670 83
5671 83
5672 83
5673 83
5674 83
5675 83
5676 83
5677 83
5678 83
5679 83
5680 83
5681 83
5682 83
5683 83
5684 83
5685 83
5686 83
5687 83
5688 83
5689 83
5690 83
5691 83
5692 83
5693 83
5694 83
5695 83
5696 84
5697 84
5698 84
5699 84
5700 84
5701 84
5702 84
5703 84
5704 84
5705 84
5706 84
5707 84
5708 84
5709 84
5710 84
5711 84
5712 84
5713 84
5714 84
5715 84
5716 84
5717 84
5718 84
5719 84
5720 84
5721 84
5722 84
5723 84
5724 84
5725 84
5726 84
5727 84
5728 84
5729 84
5730 84
5731 84
5732 84
5733 84
5734 84
5735 84
5736 84
5737 84
5738 84
5739 84
5740 84
5741 84
5742 84
5743 84
5744 84
5745 84
5746 84
5747 84
5748 84
5749 84
5750 84
5751 84
5752 84
5753 84
5754 84
5755 84
5756 84
5757 84
5758 84
5759 84
5760 85
5761 85
5762 85
5763 85
5764 85
5765 85
5766 85
5767 85
5768 85
5769 85
5770 85
5771 85
5772 85
5773 85
5774 85
5775 85
5776 85
5777 85
5778 85
5779 85
5780 85
5781 85
5782 85
5783 85
5784 85
5785 85
5786 85
5787 85
5788 85
5789 85
5790 85
5791 85
5792 85
5793 85
5794 85
5795 85
5796 85
5797 85
5798 85
5799 85
5800 85
5801 85
5802 85
5803 85
5804 85
5805 85
5806 85
5807 85
5808 85
5809 85
5810 85
5811 85
5812 85
5813 85
5814 85
5815 85
5816 85
5817 85
5818 85
5819 85
5820 85
5821 85
5822 85
5823 85
5824 86
5825 86
5826 86
5827 86
5828 86
5829 86
5830 86
5831 86
5832 86
5833 86
5834 86
5835 86
5836 86
5837 86
5838 86
5839 86
5840 86
5841 86
5842 86
5843 86
5844 86
5845 86
5846 86
5847 86
5848 86
5849 86
5850 86
5851 86
5852 86
5853 86
5854 86
5855 86
5856 86
5857 86
5858 86
5859 86
5860 86
5861 86
5862 86
5863 86
5864 86
5865 86
5866 86
5867 86
5868 86
5869 86
5870 86
5871 86
5872 86
5873 86
5874 86
5875 86
5876 86
5877 86
5878 86
5879 86
5880 86
5881 86
5882 86
5883 86
5884 86
5885 86
5886 86
5887 86
5888 87
5889 87
5890 87
5891 87
5892 87
5893 87
5894 87
5895 87
5896 87
5897 87
5898 87
5899 87
5900 87
5901 87
5902 87
5903 87
5904 87
5905 87
5906 87
5907 87
5908 87
5909 87
5910 87
5911 87
5912 87
5913 87
5914 87
5915 87
5916 87
5917 87
5918 87
5919 87
5920 87
5921 87
5922 87
5923 87
5924 87
5925 87
5926 87
5927 87
5928 87
5929 87
5930 87
5931 87
5932 87
5933 87
5934 87
5935 87
5936 87
5937 87
5938 87
5939 87
5940 87
5941 87
5942 87
5943 87
5944 87
5945 87
5946 87
5947 87
5948 87
5949 87
5950 87
5951 87
5952 88
5953 88
5954 88
5955 88
5956 88
5957 88
5958 88
5959 88
5960 88
5961 88
5962 88
5963 88
5964 88
5965 88
5966 88
5967 88
5968 88
5969 88
5970 88
5971 88
5972 88
5973 88
5974 88
5975 88
5976 88
5977 88
5978 88
5979 88
5980 88
5981 88
5982 88
5983 88
5984 88
5985 88
5986 88
5987 88
5988 88
5989 88
5990 88
5991 88
5992 88
5993 88
5994 88
5995 88
5996 88
5997 88
5998 88
5999 88
6000 88
6001 88
6002 88
6003 88
6004 88
6005 88
6006 88
6007 88
6008 88
6009 88
6010 88
6011 88
6012 88
6013 88
6014 88
6015 88
6016 89
6017 89
6018 89
6019 89
6020 89
6021 89
6022 89
6023 89
6024 89
6025 89
6026 89
6027 89
6028 89
6029 89
6030 89
6031 89
6032 89
6033 89
6034 89
6035 89
6036 89
6037 89
6038 89
6039 89
6040 89
6041 89
6042 89
6043 89
6044 89
6045 89
6046 89
6047 89
6048 89
6049 89
6050 89
6051 89
6052 89
6053 89
6054 89
6055 89
6056 89
6057 89
6058 89
6059 89
6060 89
6061 89
6062 89
6063 89
6064 89
6065 89
6066 89
6067 89
6068 89
6069 89
6070 89
6071 89
6072 89
6073 89
6074 89
6075 89
6076 89
6077 89
6078 89
6079 89
6080 90
6081 90
6082 90
6083 90
6084 90
6085 90
6086 90
6087 90
6088 90
6089 90
6090 90
6091 90
6092 90
6093 90
6094 90
6095 90
6096 90
6097 90
6098 90
6099 90
6100 90
6101 90
6102 90
6103 90
6104 90
6105 90
6106 90
6107 90
6108 90
6109 90
6110 90
6111 90
6112 90
6113 90
6114 90
6115 90
6116 90
6117 90
6118 90
6119 90
6120 90
6121 90
6122 90
6123 90
6124 90
6125 90
6126 90
6127 90
6128 90
6129 90
6130 90
6131 90
6132 90
6133 90
6134 90
6135 90
6136 90
6137 90
6138 90
6139 90
6140 90
6141 90
6142 90
6143 90
6144 91
6145 91
6146 91
6147 91
6148 91
6149 91
6150 91
6151 91
6152 91
6153 91
6154 91
6155 91
6156 91
6157 91
6158 91
6159 91
6160 91
6161 91
6162 91
6163 91
6164 91
6165 91
6166 91
6167 91
6168 91
6169 91
6170 91
6171 91
6172 91
6173 91
6174 91
6175 91
6176 91
6177 91
6178 91
6179 91
6180 91
6181 91
6182 91
6183 91
6184 91
6185 91
6186 91
6187 91
6188 91
6189 91
6190 91
6191 91
6192 91
6193 91
6194 91
6195 91
6196 91
6197 91
6198 91
6199 91
6200 91
6201 91
6202 91
6203 91
6204 91
6205 91
6206 91
6207 91
6208 92
6209 92
6210 92
6211 92
6212 92
6213 92
6214 92
6215 92
6216 92
6217 92
6218 92
6219 92
6220 92
6221 92
6222 92
6223 92
6224 92
6225 92
6226 92
6227 92
6228 92
6229 92
6230 92
6231 92
6232 92
6233 92
6234 92
6235 92
6236 92
6237 92
6238 92
6239 92
6240 92
6241 92
6242 92
6243 92
6244 92
6245 92
6246 92
6247 92
6248 92
6249 92
6250 92
6251 92
6252 92
6253 92
6254 92
6255 92
6256 92
6257 92
6258 92
6259 92
6260 92
6261 92
6262 92
6263 92
6264 92
6265 92
6266 92
6267 92
6268 92
6269 92
6270 92
6271 92
6272 93
6273 93
6274 93
6275 93
6276 93
6277 93
6278 93
6279 93
6280 93
6281 93
6282 93
6283 93
6284 93
6285 93
6286 93
6287 93
6288 93
6289 93
6290 93
6291 93
6292 93
6293 93
6294 93
6295 93
6296 93
6297 93
6298 93
6299 93
6300 93
6301 93
6302 93
6303 93
6304 93
6305 93
6306 93
6307 93
6308 93
6309 93
6310 93
6311 93
6312 93
6313 93
6314 93
6315 93
6316 93
6317 93
6318 93
6319 93
6320 93
6321 93
6322 93
6323 93
6324 93
6325 93
6326 93
6327 93
6328 93
6329 93
6330 93
6331 93
6332 93
6333 93
6334 93
6335 93
6336 41
6337 41
6338 41
6339 41
6340 41
6341 41
6342 41
6343 41
6344 41
6345 41
6346 41
6347 41
6348 41
6349 41
6350 41
6351 41
6352 41
6353 41
6354 41
6355 41
6356 41
6357 41
6358 41
6359 41
6360 41
6361 41
6362 41
6363 41
6364 41
6365 41
6366 41
6367 41
6368 41
6369 41
6370 41
6371 41
6372 41
6373 41
6374 41
6375 41
6376 41
6377 41
6378 41
6379 41
6380 41
6381 41
6382 41
6383 41
6384 41
6385 41
6386 41
6387 41
6388 41
6389 41
6390 41
6391 41
6392 41
6393 41
6394 41
6395 41
6396 41
6397 41
6398 41
6399 41
6400 94
6401 94
6402 94
6403 94
6404 94
6405 94
6406 94
6407 94
6408 94
6409 94
6410 94
6411 94
6412 94
6413 94
6414 94
6415 94
6416 94
6417 94
6418 94
6419 94
6420 94
6421 94
6422 94
6423 94
6424 94
6425 94
6426 94
6427 94
6428 94
6429 94
6430 94
6431 94
6432 94
6433 94
6434 94
6435 94
6436 94
6437 94
6438 94
6439 94
6440 94
6441 94
6442 94
6443 94
6444 94
6445 94
6446 94
6447 94
6448 94
6449 94
6450 94
6451 94
6452 94
6453 94
6454 94
6455 94
6456 94
6457 94
6458 94
6459 94
6460 94
6461 94
6462 94
6463 94
6464 26
6465 26
6466 26
6467 26
6468 26
6469 26
6470 26
6471 26
6472 26
6473 26
6474 26
6475 26
6476 26
6477 26
6478 26
6479 26
6480 26
6481 26
6482 26
6483 26
6484 26
6485 26
6486 26
6487 26
6488 26
6489 26
6490 26
6491 26
6492 26
6493 26
6494 26
6495 26
6496 26
6497 26
6498 26
6499 26
6500 26
6501 26
6502 26
6503 26
6504 26
6505 26
6506 26
6507 26
6508 26
6509 26
6510 26
6511 26
6512 26
6513 26
6514 26
6515 26
6516 26
6517 26
6518 26
6519 26
6520 26
6521 26
6522 26
6523 26
6524 26
6525 26
6526 26
6527 26
6528 95
6529 95
6530 95
6531 95
6532 95
6533 95
6534 95
6535 95
6536 95
6537 95
6538 95
6539 95
6540 95
6541 95
6542 95
6543 95
6544 95
6545 95
6546 95
6547 95
6548 95
6549 95
6550 95
6551 95
6552 95
6553 95
6554 95
6555 95
6556 95
6557 95
6558 95
6559 95
6560 95
6561 95
6562 95
6563 95
6564 95
6565 95
6566 95
6567 95
6568 95
6569 95
6570 95
6571 95
6572 95
6573 95
6574 95
6575 95
6576 95
6577 95
6578 95
6579 95
6580 95
6581 95
6582 95
6583 95
6584 95
6585 95
6586 95
6587 95
6588 95
6589 95
6590 95
6591 95
6592 96
6593 96
6594 96
6595 96
6596 96
6597 96
6598 96
6599 96
6600 96
6601 96
6602 96
6603 96
6604 96
6605 96
6606 96
6607 96
6608 96
6609 96
6610 96
6611 96
6612 96
6613 96
6614 96
6615 96
6616 96
6617 96
6618 96
6619 96
6620 96
6621 96
6622 96
6623 96
6624 96
6625 96
6626 96
6627 96
6628 96
6629 96
6630 96
6631 96
6632 96
6633 96
6634 96
6635 96
6636 96
6637 96
6638 96
6639 96
6640 96
6641 96
6642 96
6643 96
6644 96
6645 96
6646 96
6647 96
6648 96
6649 96
6650 96
6651 96
6652 96
6653 96
6654 96
6655 96
6656 97
6657 97
6658 97
6659 97
6660 97
6661 97
6662 97
6663 97
6664 97
6665 97
6666 97
6667 97
6668 97
6669 97
6670 97
6671 97
6672 97
6673 97
6674 97
6675 97
6676 97
6677 97
6678 97
6679 97
6680 97
6681 97
6682 97
6683 97
6684 97
6685 97
6686 97
6687 97
6688 97
6689 97
6690 97
6691 97
6692 97
6693 97
6694 97
6695 97
6696 97
6697 97
6698 97
6699 97
6700 97
6701 97
6702 97
6703 97
6704 97
6705 97
6706 97
6707 97
6708 97
6709 97
6710 97
6711 97
6712 97
6713 97
6714 97
6715 97
6716 97
6717 97
6718 97
6719 97
6720 98
6721 98
6722 98
6723 98
6724 98
6725 98
6726 98
6727 98
6728 98
6729 98
6730 98
6731 98
6732 98
6733 98
6734 98
6735 98
6736 98
6737 98
6738 98
6739 98
6740 98
6741 98
6742 98
6743 98
6744 98
6745 98
6746 98
6747 98
6748 98
6749 98
6750 98
6751 98
6752 98
6753 98
6754 98
6755 98
6756 98
6757 98
6758 98
6759 98
6760 98
6761 98
6762 98
6763 98
6764 98
6765 98
6766 98
6767 98
6768 98
6769 98
6770 98
6771 98
6772 98
6773 98
6774 98
6775 98
6776 98
6777 98
6778 98
6779 98
6780 98
6781 98
6782 98
6783 98
6784 99
6785 99
6786 99
6787 99
6788 99
6789 99
6790 99
6791 99
6792 99
6793 99
6794 99
6795 99
6796 99
6797 99
6798 99
6799 99
6800 99
6801 99
6802 99
6803 99
6804 99
6805 99
6806 99
6807 99
6808 99
6809 99
6810 99
6811 99
6812 99
6813 99
6814 99
6815 99
6816 99
6817 99
6818 99
6819 99
6820 99
6821 99
6822 99
6823 99
6824 99
6825 99
6826 99
6827 99
6828 99
6829 99
6830 99
6831 99
6832 99
6833 99
6834 99
6835 99
6836 99
6837 99
6838 99
6839 99
6840 99
6841 99
6842 99
6843 99
6844 99
6845 99
6846 99
6847 99
6848 100
6849 100
6850 100
6851 100
6852 100
6853 100
6854 100
6855 100
6856 100
6857 100
6858 100
6859 100
6860 100
6861 100
6862 100
6863 100
6864 100
6865 100
6866 100
6867 100
6868 100
6869 100
6870 100
6871 100
6872 100
6873 100
6874 100
6875 100
6876 100
6877 100
6878 100
6879 100
6880 100
6881 100
6882 100
6883 100
6884 100
6885 100
6886 100
6887 100
6888 100
6889 100
6890 100
6891 100
6892 100
6893 100
6894 100
6895 100
6896 100
6897 100
6898 100
6899 100
6900 100
6901 100
6902 100
6903 100
6904 100
6905 100
6906 100
6907 100
6908 100
6909 100
6910 100
6911 100
6912 101
6913 101
6914 101
6915 101
6916 101
6917 101
6918 101
6919 101
6920 101
6921 101
6922 101
6923 101
6924 101
6925 101
6926 101
6927 101
6928 101
6929 101
6930 101
6931 101
6932 101
6933 101
6934 101
6935 101
6936 101
6937 101
6938 101
6939 101
6940 101
6941 101
6942 101
6943 101
6944 101
6945 101
6946 101
6947 101
6948 101
6949 101
6950 101
6951 101
6952 101
6953 101
6954 101
6955 101
6956 101
6957 101
6958 101
6959 101
6960 101
6961 101
6962 101
6963 101
6964 101
6965 101
6966 101
6967 101
6968 101
6969 101
6970 101
6971 101
6972 101
6973 101
6974 101
6975 101
