0 0
1 0
2 0
3 0
4 0
5 0
6 0
7 0
8 0
9 0
10 0
11 0
12 0
13 0
14 0
15 0
16 0
17 0
18 0
19 0
20 0
21 0
22 0
23 0
24 0
25 0
26 0
27 0
28 0
29 0
30 0
31 0
32 0
33 0
34 0
35 0
36 0
37 0
38 0
39 0
40 0
41 0
42 0
43 0
44 0
45 0
46 0
47 0
48 0
49 0
50 0
51 0
52 0
53 0
54 0
55 0
56 0
57 0
58 0
59 0
60 0
61 0
62 0
63 0
64 1
65 1
66 1
67 1
68 1
69 1
70 1
71 1
72 1
73 1
74 1
75 1
76 1
77 1
78 1
79 1
80 1
81 1
82 1
83 1
84 1
85 1
86 1
87 1
88 1
89 1
90 1
91 1
92 1
93 1
94 1
95 1
96 1
97 1
98 1
99 1
100 1
101 1
102 1
103 1
104 1
105 1
106 1
107 1
108 1
109 1
110 1
111 1
112 1
113 1
114 1
115 1
116 1
117 1
118 1
119 1
120 1
121 1
122 1
123 1
124 1
125 1
126 1
127 1
128 2
129 2
130 2
131 2
132 2
133 2
134 2
135 2
136 2
137 2
138 2
139 2
140 2
141 2
142 2
143 2
144 2
145 2
146 2
147 2
148 2
149 2
150 2
151 2
152 2
153 2
154 2
155 2
156 2
157 2
158 2
159 2
160 2
161 2
162 2
163 2
164 2
165 2
166 2
167 2
168 2
169 2
170 2
171 2
172 2
173 2
174 2
175 2
176 2
177 2
178 2
179 2
180 2
181 2
182 2
183 2
184 2
185 2
186 2
187 2
188 2
189 2
190 2
191 2
192 3
193 3
194 3
195 3
196 3
197 3
198 3
199 3
200 3
201 3
202 3
203 3
204 3
205 3
206 3
207 3
208 3
209 3
210 3
211 3
212 3
213 3
214 3
215 3
216 3
217 3
218 3
219 3
220 3
221 3
222 3
223 3
224 3
225 3
226 3
227 3
228 3
229 3
230 3
231 3
232 3
233 3
234 3
235 3
236 3
237 3
238 3
239 3
240 3
241 3
242 3
243 3
244 3
245 3
246 3
247 3
248 3
249 3
250 3
251 3
252 3
253 3
254 3
255 3
256 4
257 4
258 4
259 4
260 4
261 4
262 4
263 4
264 4
265 4
266 4
267 4
268 4
269 4
270 4
271 4
272 4
273 4
274 4
275 4
276 4
277 4
278 4
279 4
280 4
281 4
282 4
283 4
284 4
285 4
286 4
287 4
288 4
289 4
290 4
291 4
292 4
293 4
294 4
295 4
296 4
297 4
298 4
299 4
300 4
301 4
302 4
303 4
304 4
305 4
306 4
307 4
308 4
309 4
310 4
311 4
312 4
313 4
314 4
315 4
316 4
317 4
318 4
319 4
320 5
321 5
322 5
323 5
324 5
325 5
326 5
327 5
328 5
329 5
330 5
331 5
332 5
333 5
334 5
335 5
336 5
337 5
338 5
339 5
340 5
341 5
342 5
343 5
344 5
345 5
346 5
347 5
348 5
349 5
350 5
351 5
352 5
353 5
354 5
355 5
356 5
357 5
358 5
359 5
360 5
361 5
362 5
363 5
364 5
365 5
366 5
367 5
368 5
369 5
370 5
371 5
372 5
373 5
374 5
375 5
376 5
377 5
378 5
379 5
380 5
381 5
382 5
383 5
384 6
385 6
386 6
387 6
388 6
389 6
390 6
391 6
392 6
393 6
394 6
395 6
396 6
397 6
398 6
399 6
400 6
401 6
402 6
403 6
404 6
405 6
406 6
407 6
408 6
409 6
410 6
411 6
412 6
413 6
414 6
415 6
416 6
417 6
418 6
419 6
420 6
421 6
422 6
423 6
424 6
425 6
426 6
427 6
428 6
429 6
430 6
431 6
432 6
433 6
434 6
435 6
436 6
437 6
438 6
439 6
440 6
441 6
442 6
443 6
444 6
445 6
446 6
447 6
448 7
449 7
450 7
451 7
452 7
453 7
454 7
455 7
456 7
457 7
458 7
459 7
460 7
461 7
462 7
463 7
464 7
465 7
466 7
467 7
468 7
469 7
470 7
471 7
472 7
473 7
474 7
475 7
476 7
477 7
478 7
479 7
480 7
481 7
482 7
483 7
484 7
485 7
486 7
487 7
488 7
489 7
490 7
491 7
492 7
493 7
494 7
495 7
496 7
497 7
498 7
499 7
500 7
501 7
502 7
503 7
504 7
505 7
506 7
507 7
508 7
509 7
510 7
511 7
512 8
513 8
514 8
515 8
516 8
517 8
518 8
519 8
520 8
521 8
522 8
523 8
524 8
525 8
526 8
527 8
528 8
529 8
530 8
531 8
532 8
533 8
534 8
535 8
536 8
537 8
538 8
539 8
540 8
541 8
542 8
543 8
544 8
545 8
546 8
547 8
548 8
549 8
550 8
551 8
552 8
553 8
554 8
555 8
556 8
557 8
558 8
559 8
560 8
561 8
562 8
563 8
564 8
565 8
566 8
567 8
568 8
569 8
570 8
571 8
572 8
573 8
574 8
575 8
576 9
577 9
578 9
579 9
580 9
581 9
582 9
583 9
584 9
585 9
586 9
587 9
588 9
589 9
590 9
591 9
592 9
593 9
594 9
595 9
596 9
597 9
598 9
599 9
600 9
601 9
602 9
603 9
604 9
605 9
606 9
607 9
608 9
609 9
610 9
611 9
612 9
613 9
614 9
615 9
616 9
617 9
618 9
619 9
620 9
621 9
622 9
623 9
624 9
625 9
626 9
627 9
628 9
629 9
630 9
631 9
632 9
633 9
634 9
635 9
636 9
637 9
638 9
639 9
640 10
641 10
642 10
643 10
644 10
645 10
646 10
647 10
648 10
649 10
650 10
651 10
652 10
653 10
654 10
655 10
656 10
657 10
658 10
659 10
660 10
661 10
662 10
663 10
664 10
665 10
666 10
667 10
668 10
669 10
670 10
671 10
672 10
673 10
674 10
675 10
676 10
677 10
678 10
679 10
680 10
681 10
682 10
683 10
684 10
685 10
686 10
687 10
688 10
689 10
690 10
691 10
692 10
693 10
694 10
695 10
696 10
697 10
698 10
699 10
700 10
701 10
702 10
703 10
704 11
705 11
706 11
707 11
708 11
709 11
710 11
711 11
712 11
713 11
714 11
715 11
716 11
717 11
718 11
719 11
720 11
721 11
722 11
723 11
724 11
725 11
726 11
727 11
728 11
729 11
730 11
731 11
732 11
733 11
734 11
735 11
736 11
737 11
738 11
739 11
740 11
741 11
742 11
743 11
744 11
745 11
746 11
747 11
748 11
749 11
750 11
751 11
752 11
753 11
754 11
755 11
756 11
757 11
758 11
759 11
760 11
761 11
762 11
763 11
764 11
765 11
766 11
767 11
768 12
769 12
770 12
771 12
772 12
773 12
774 12
775 12
776 12
777 12
778 12
779 12
780 12
781 12
782 12
783 12
784 12
785 12
786 12
787 12
788 12
789 12
790 12
791 12
792 12
793 12
794 12
795 12
796 12
797 12
798 12
799 12
800 12
801 12
802 12
803 12
804 12
805 12
806 12
807 12
808 12
809 12
810 12
811 12
812 12
813 12
814 12
815 12
816 12
817 12
818 12
819 12
820 12
821 12
822 12
823 12
824 12
825 12
826 12
827 12
828 12
829 12
830 12
831 12
832 13
833 13
834 13
835 13
836 13
837 13
838 13
839 13
840 13
841 13
842 13
843 13
844 13
845 13
846 13
847 13
848 13
849 13
850 13
851 13
852 13
853 13
854 13
855 13
856 13
857 13
858 13
859 13
860 13
861 13
862 13
863 13
864 13
865 13
866 13
867 13
868 13
869 13
870 13
871 13
872 13
873 13
874 13
875 13
876 13
877 13
878 13
879 13
880 13
881 13
882 13
883 13
884 13
885 13
886 13
887 13
888 13
889 13
890 13
891 13
892 13
893 13
894 13
895 13
896 14
897 14
898 14
899 14
900 14
901 14
902 14
903 14
904 14
905 14
906 14
907 14
908 14
909 14
910 14
911 14
912 14
913 14
914 14
915 14
916 14
917 14
918 14
919 14
920 14
921 14
922 14
923 14
924 14
925 14
926 14
927 14
928 14
929 14
930 14
931 14
932 14
933 14
934 14
935 14
936 14
937 14
938 14
939 14
940 14
941 14
942 14
943 14
944 14
945 14
946 14
947 14
948 14
949 14
950 14
951 14
952 14
953 14
954 14
955 14
956 14
957 14
958 14
959 14
960 15
961 15
962 15
963 15
964 15
965 15
966 15
967 15
968 15
969 15
970 15
971 15
972 15
973 15
974 15
975 15
976 15
977 15
978 15
979 15
980 15
981 15
982 15
983 15
984 15
985 15
986 15
987 15
988 15
989 15
990 15
991 15
992 15
993 15
994 15
995 15
996 15
997 15
998 15
999 15
1000 15
1001 15
1002 15
1003 15
1004 15
1005 15
1006 15
1007 15
1008 15
1009 15
1010 15
1011 15
1012 15
1013 15
1014 15
1015 15
1016 15
1017 15
1018 15
1019 15
1020 15
1021 15
1022 15
1023 15
1024 16
1025 16
1026 16
1027 16
1028 16
1029 16
1030 16
1031 16
1032 16
1033 16
1034 16
1035 16
1036 16
1037 16
1038 16
1039 16
1040 16
1041 16
1042 16
1043 16
1044 16
1045 16
1046 16
1047 16
1048 16
1049 16
1050 16
1051 16
1052 16
1053 16
1054 16
1055 16
1056 16
1057 16
1058 16
1059 16
1060 16
1061 16
1062 16
1063 16
1064 16
1065 16
1066 16
1067 16
1068 16
1069 16
1070 16
1071 16
1072 16
1073 16
1074 16
1075 16
1076 16
1077 16
1078 16
1079 16
1080 16
1081 16
1082 16
1083 16
1084 16
1085 16
1086 16
1087 16
1088 17
1089 17
1090 17
1091 17
1092 17
1093 17
1094 17
1095 17
1096 17
1097 17
1098 17
1099 17
1100 17
1101 17
1102 17
1103 17
1104 17
1105 17
1106 17
1107 17
1108 17
1109 17
1110 17
1111 17
1112 17
1113 17
1114 17
1115 17
1116 17
1117 17
1118 17
1119 17
1120 17
1121 17
1122 17
1123 17
1124 17
1125 17
1126 17
1127 17
1128 17
1129 17
1130 17
1131 17
1132 17
1133 17
1134 17
1135 17
1136 17
1137 17
1138 17
1139 17
1140 17
1141 17
1142 17
1143 17
1144 17
1145 17
1146 17
1147 17
1148 17
1149 17
1150 17
1151 17
1152 18
1153 18
1154 18
1155 18
1156 18
1157 18
1158 18
1159 18
1160 18
1161 18
1162 18
1163 18
1164 18
1165 18
1166 18
1167 18
1168 18
1169 18
1170 18
1171 18
1172 18
1173 18
1174 18
1175 18
1176 18
1177 18
1178 18
1179 18
1180 18
1181 18
1182 18
1183 18
1184 18
1185 18
1186 18
1187 18
1188 18
1189 18
1190 18
1191 18
1192 18
1193 18
1194 18
1195 18
1196 18
1197 18
1198 18
1199 18
1200 18
1201 18
1202 18
1203 18
1204 18
1205 18
1206 18
1207 18
1208 18
1209 18
1210 18
1211 18
1212 18
1213 18
1214 18
1215 18
1216 19
1217 19
1218 19
1219 19
1220 19
1221 19
1222 19
1223 19
1224 19
1225 19
1226 19
1227 19
1228 19
1229 19
1230 19
1231 19
1232 19
1233 19
1234 19
1235 19
1236 19
1237 19
1238 19
1239 19
1240 19
1241 19
1242 19
1243 19
1244 19
1245 19
1246 19
1247 19
1248 19
1249 19
1250 19
1251 19
1252 19
1253 19
1254 19
1255 19
1256 19
1257 19
1258 19
1259 19
1260 19
1261 19
1262 19
1263 19
1264 19
1265 19
1266 19
1267 19
1268 19
1269 19
1270 19
1271 19
1272 19
1273 19
1274 19
1275 19
1276 19
1277 19
1278 19
1279 19
1280 20
1281 20
1282 20
1283 20
1284 20
1285 20
1286 20
1287 20
1288 20
1289 20
1290 20
1291 20
1292 20
1293 20
1294 20
1295 20
1296 20
1297 20
1298 20
1299 20
1300 20
1301 20
1302 20
1303 20
1304 20
1305 20
1306 20
1307 20
1308 20
1309 20
1310 20
1311 20
1312 20
1313 20
1314 20
1315 20
1316 20
1317 20
1318 20
1319 20
1320 20
1321 20
1322 20
1323 20
1324 20
1325 20
1326 20
1327 20
1328 20
1329 20
1330 20
1331 20
1332 20
1333 20
1334 20
1335 20
1336 20
1337 20
1338 20
1339 20
1340 20
1341 20
1342 20
1343 20
1344 21
1345 21
1346 21
1347 21
1348 21
1349 21
1350 21
1351 21
1352 21
1353 21
1354 21
1355 21
1356 21
1357 21
1358 21
1359 21
1360 21
1361 21
1362 21
1363 21
1364 21
1365 21
1366 21
1367 21
1368 21
1369 21
1370 21
1371 21
1372 21
1373 21
1374 21
1375 21
1376 21
1377 21
1378 21
1379 21
1380 21
1381 21
1382 21
1383 21
1384 21
1385 21
1386 21
1387 21
1388 21
1389 21
1390 21
1391 21
1392 21
1393 21
1394 21
1395 21
1396 21
1397 21
1398 21
1399 21
1400 21
1401 21
1402 21
1403 21
1404 21
1405 21
1406 21
1407 21
1408 22
1409 22
1410 22
1411 22
1412 22
1413 22
1414 22
1415 22
1416 22
1417 22
1418 22
1419 22
1420 22
1421 22
1422 22
1423 22
1424 22
1425 22
1426 22
1427 22
1428 22
1429 22
1430 22
1431 22
1432 22
1433 22
1434 22
1435 22
1436 22
1437 22
1438 22
1439 22
1440 22
1441 22
1442 22
1443 22
1444 22
1445 22
1446 22
1447 22
1448 22
1449 22
1450 22
1451 22
1452 22
1453 22
1454 22
1455 22
1456 22
1457 22
1458 22
1459 22
1460 22
1461 22
1462 22
1463 22
1464 22
1465 22
1466 22
1467 22
1468 22
1469 22
1470 22
1471 22
1472 23
1473 23
1474 23
1475 23
1476 23
1477 23
1478 23
1479 23
1480 23
1481 23
1482 23
1483 23
1484 23
1485 23
1486 23
1487 23
1488 23
1489 23
1490 23
1491 23
1492 23
1493 23
1494 23
1495 23
1496 23
1497 23
1498 23
1499 23
1500 23
1501 23
1502 23
1503 23
1504 23
1505 23
1506 23
1507 23
1508 23
1509 23
1510 23
1511 23
1512 23
1513 23
1514 23
1515 23
1516 23
1517 23
1518 23
1519 23
1520 23
1521 23
1522 23
1523 23
1524 23
1525 23
1526 23
1527 23
1528 23
1529 23
1530 23
1531 23
1532 23
1533 23
1534 23
1535 23
1536 24
1537 24
1538 24
1539 24
1540 24
1541 24
1542 24
1543 24
1544 24
1545 24
1546 24
1547 24
1548 24
1549 24
1550 24
1551 24
1552 24
1553 24
1554 24
1555 24
1556 24
1557 24
1558 24
1559 24
1560 24
1561 24
1562 24
1563 24
1564 24
1565 24
1566 24
1567 24
1568 24
1569 24
1570 24
1571 24
1572 24
1573 24
1574 24
1575 24
1576 24
1577 24
1578 24
1579 24
1580 24
1581 24
1582 24
1583 24
1584 24
1585 24
1586 24
1587 24
1588 24
1589 24
1590 24
1591 24
1592 24
1593 24
1594 24
1595 24
1596 24
1597 24
1598 24
1599 24
1600 25
1601 25
1602 25
1603 25
1604 25
1605 25
1606 25
1607 25
1608 25
1609 25
1610 25
1611 25
1612 25
1613 25
1614 25
1615 25
1616 25
1617 25
1618 25
1619 25
1620 25
1621 25
1622 25
1623 25
1624 25
1625 25
1626 25
1627 25
1628 25
1629 25
1630 25
1631 25
1632 25
1633 25
1634 25
1635 25
1636 25
1637 25
1638 25
1639 25
1640 25
1641 25
1642 25
1643 25
1644 25
1645 25
1646 25
1647 25
1648 25
1649 25
1650 25
1651 25
1652 25
1653 25
1654 25
1655 25
1656 25
1657 25
1658 25
1659 25
1660 25
1661 25
1662 25
1663 25
1664 26
1665 26
1666 26
1667 26
1668 26
1669 26
1670 26
1671 26
1672 26
1673 26
1674 26
1675 26
1676 26
1677 26
1678 26
1679 26
1680 26
1681 26
1682 26
1683 26
1684 26
1685 26
1686 26
1687 26
1688 26
1689 26
1690 26
1691 26
1692 26
1693 26
1694 26
1695 26
1696 26
1697 26
1698 26
1699 26
1700 26
1701 26
1702 26
1703 26
1704 26
1705 26
1706 26
1707 26
1708 26
1709 26
1710 26
1711 26
1712 26
1713 26
1714 26
1715 26
1716 26
1717 26
1718 26
1719 26
1720 26
1721 26
1722 26
1723 26
1724 26
1725 26
1726 26
1727 26
1728 27
1729 27
1730 27
1731 27
1732 27
1733 27
1734 27
1735 27
1736 27
1737 27
1738 27
1739 27
1740 27
1741 27
1742 27
1743 27
1744 27
1745 27
1746 27
1747 27
1748 27
1749 27
1750 27
1751 27
1752 27
1753 27
1754 27
1755 27
1756 27
1757 27
1758 27
1759 27
1760 27
1761 27
1762 27
1763 27
1764 27
1765 27
1766 27
1767 27
1768 27
1769 27
1770 27
1771 27
1772 27
1773 27
1774 27
1775 27
1776 27
1777 27
1778 27
1779 27
1780 27
1781 27
1782 27
1783 27
1784 27
1785 27
1786 27
1787 27
1788 27
1789 27
1790 27
1791 27
1792 28
1793 28
1794 28
1795 28
1796 28
1797 28
1798 28
1799 28
1800 28
1801 28
1802 28
1803 28
1804 28
1805 28
1806 28
1807 28
1808 28
1809 28
1810 28
1811 28
1812 28
1813 28
1814 28
1815 28
1816 28
1817 28
1818 28
1819 28
1820 28
1821 28
1822 28
1823 28
1824 28
1825 28
1826 28
1827 28
1828 28
1829 28
1830 28
1831 28
1832 28
1833 28
1834 28
1835 28
1836 28
1837 28
1838 28
1839 28
1840 28
1841 28
1842 28
1843 28
1844 28
1845 28
1846 28
1847 28
1848 28
1849 28
1850 28
1851 28
1852 28
1853 28
1854 28
1855 28
1856 29
1857 29
1858 29
1859 29
1860 29
1861 29
1862 29
1863 29
1864 29
1865 29
1866 29
1867 29
1868 29
1869 29
1870 29
1871 29
1872 29
1873 29
1874 29
1875 29
1876 29
1877 29
1878 29
1879 29
1880 29
1881 29
1882 29
1883 29
1884 29
1885 29
1886 29
1887 29
1888 29
1889 29
1890 29
1891 29
1892 29
1893 29
1894 29
1895 29
1896 29
1897 29
1898 29
1899 29
1900 29
1901 29
1902 29
1903 29
1904 29
1905 29
1906 29
1907 29
1908 29
1909 29
1910 29
1911 29
1912 29
1913 29
1914 29
1915 29
1916 29
1917 29
1918 29
1919 29
1920 30
1921 30
1922 30
1923 30
1924 30
1925 30
1926 30
1927 30
1928 30
1929 30
1930 30
1931 30
1932 30
1933 30
1934 30
1935 30
1936 30
1937 30
1938 30
1939 30
1940 30
1941 30
1942 30
1943 30
1944 30
1945 30
1946 30
1947 30
1948 30
1949 30
1950 30
1951 30
1952 30
1953 30
1954 30
1955 30
1956 30
1957 30
1958 30
1959 30
1960 30
1961 30
1962 30
1963 30
1964 30
1965 30
1966 30
1967 30
1968 30
1969 30
1970 30
1971 30
1972 30
1973 30
1974 30
1975 30
1976 30
1977 30
1978 30
1979 30
1980 30
1981 30
1982 30
1983 30
1984 31
1985 31
1986 31
1987 31
1988 31
1989 31
1990 31
1991 31
1992 31
1993 31
1994 31
1995 31
1996 31
1997 31
1998 31
1999 31
2000 31
2001 31
2002 31
2003 31
2004 31
2005 31
2006 31
2007 31
2008 31
2009 31
2010 31
2011 31
2012 31
2013 31
2014 31
2015 31
2016 31
2017 31
2018 31
2019 31
2020 31
2021 31
2022 31
2023 31
2024 31
2025 31
2026 31
2027 31
2028 31
2029 31
2030 31
2031 31
2032 31
2033 31
2034 31
2035 31
2036 31
2037 31
2038 31
2039 31
2040 31
2041 31
2042 31
2043 31
2044 31
2045 31
2046 31
2047 31
2048 32
2049 32
2050 32
2051 32
2052 32
2053 32
2054 32
2055 32
2056 32
2057 32
2058 32
2059 32
2060 32
2061 32
2062 32
2063 32
2064 32
2065 32
2066 32
2067 32
2068 32
2069 32
2070 32
2071 32
2072 32
2073 32
2074 32
2075 32
2076 32
2077 32
2078 32
2079 32
2080 32
2081 32
2082 32
2083 32
2084 32
2085 32
2086 32
2087 32
2088 32
2089 32
2090 32
2091 32
2092 32
2093 32
2094 32
2095 32
2096 32
2097 32
2098 32
2099 32
2100 32
2101 32
2102 32
2103 32
2104 32
2105 32
2106 32
2107 32
2108 32
2109 32
2110 32
2111 32
2112 33
2113 33
2114 33
2115 33
2116 33
2117 33
2118 33
2119 33
2120 33
2121 33
2122 33
2123 33
2124 33
2125 33
2126 33
2127 33
2128 33
2129 33
2130 33
2131 33
2132 33
2133 33
2134 33
2135 33
2136 33
2137 33
2138 33
2139 33
2140 33
2141 33
2142 33
2143 33
2144 33
2145 33
2146 33
2147 33
2148 33
2149 33
2150 33
2151 33
2152 33
2153 33
2154 33
2155 33
2156 33
2157 33
2158 33
2159 33
2160 33
2161 33
2162 33
2163 33
2164 33
2165 33
2166 33
2167 33
2168 33
2169 33
2170 33
2171 33
2172 33
2173 33
2174 33
2175 33
2176 34
2177 34
2178 34
2179 34
2180 34
2181 34
2182 34
2183 34
2184 34
2185 34
2186 34
2187 34
2188 34
2189 34
2190 34
2191 34
2192 34
2193 34
2194 34
2195 34
2196 34
2197 34
2198 34
2199 34
2200 34
2201 34
2202 34
2203 34
2204 34
2205 34
2206 34
2207 34
2208 34
2209 34
2210 34
2211 34
2212 34
2213 34
2214 34
2215 34
2216 34
2217 34
2218 34
2219 34
2220 34
2221 34
2222 34
2223 34
2224 34
2225 34
2226 34
2227 34
2228 34
2229 34
2230 34
2231 34
2232 34
2233 34
2234 34
2235 34
2236 34
2237 34
2238 34
2239 34
2240 35
2241 35
2242 35
2243 35
2244 35
2245 35
2246 35
2247 35
2248 35
2249 35
2250 35
2251 35
2252 35
2253 35
2254 35
2255 35
2256 35
2257 35
2258 35
2259 35
2260 35
2261 35
2262 35
2263 35
2264 35
2265 35
2266 35
2267 35
2268 35
2269 35
2270 35
2271 35
2272 35
2273 35
2274 35
2275 35
2276 35
2277 35
2278 35
2279 35
2280 35
2281 35
2282 35
2283 35
2284 35
2285 35
2286 35
2287 35
2288 35
2289 35
2290 35
2291 35
2292 35
2293 35
2294 35
2295 35
2296 35
2297 35
2298 35
2299 35
2300 35
2301 35
2302 35
2303 35
2304 36
2305 36
2306 36
2307 36
2308 36
2309 36
2310 36
2311 36
2312 36
2313 36
2314 36
2315 36
2316 36
2317 36
2318 36
2319 36
2320 36
2321 36
2322 36
2323 36
2324 36
2325 36
2326 36
2327 36
2328 36
2329 36
2330 36
2331 36
2332 36
2333 36
2334 36
2335 36
2336 36
2337 36
2338 36
2339 36
2340 36
2341 36
2342 36
2343 36
2344 36
2345 36
2346 36
2347 36
2348 36
2349 36
2350 36
2351 36
2352 36
2353 36
2354 36
2355 36
2356 36
2357 36
2358 36
2359 36
2360 36
2361 36
2362 36
2363 36
2364 36
2365 36
2366 36
2367 36
2368 37
2369 37
2370 37
2371 37
2372 37
2373 37
2374 37
2375 37
2376 37
2377 37
2378 37
2379 37
2380 37
2381 37
2382 37
2383 37
2384 37
2385 37
2386 37
2387 37
2388 37
2389 37
2390 37
2391 37
2392 37
2393 37
2394 37
2395 37
2396 37
2397 37
2398 37
2399 37
2400 37
2401 37
2402 37
2403 37
2404 37
2405 37
2406 37
2407 37
2408 37
2409 37
2410 37
2411 37
2412 37
2413 37
2414 37
2415 37
2416 37
2417 37
2418 37
2419 37
2420 37
2421 37
2422 37
2423 37
2424 37
2425 37
2426 37
2427 37
2428 37
2429 37
2430 37
2431 37
2432 38
2433 38
2434 38
2435 38
2436 38
2437 38
2438 38
2439 38
2440 38
2441 38
2442 38
2443 38
2444 38
2445 38
2446 38
2447 38
2448 38
2449 38
2450 38
2451 38
2452 38
2453 38
2454 38
2455 38
2456 38
2457 38
2458 38
2459 38
2460 38
2461 38
2462 38
2463 38
2464 38
2465 38
2466 38
2467 38
2468 38
2469 38
2470 38
2471 38
2472 38
2473 38
2474 38
2475 38
2476 38
2477 38
2478 38
2479 38
2480 38
2481 38
2482 38
2483 38
2484 38
2485 38
2486 38
2487 38
2488 38
2489 38
2490 38
2491 38
2492 38
2493 38
2494 38
2495 38
2496 39
2497 39
2498 39
2499 39
2500 39
2501 39
2502 39
2503 39
2504 39
2505 39
2506 39
2507 39
2508 39
2509 39
2510 39
2511 39
2512 39
2513 39
2514 39
2515 39
2516 39
2517 39
2518 39
2519 39
2520 39
2521 39
2522 39
2523 39
2524 39
2525 39
2526 39
2527 39
2528 39
2529 39
2530 39
2531 39
2532 39
2533 39
2534 39
2535 39
2536 39
2537 39
2538 39
2539 39
2540 39
2541 39
2542 39
2543 39
2544 39
2545 39
2546 39
2547 39
2548 39
2549 39
2550 39
2551 39
2552 39
2553 39
2554 39
2555 39
2556 39
2557 39
2558 39
2559 39
2560 40
2561 40
2562 40
2563 40
2564 40
2565 40
2566 40
2567 40
2568 40
2569 40
2570 40
2571 40
2572 40
2573 40
2574 40
2575 40
2576 40
2577 40
2578 40
2579 40
2580 40
2581 40
2582 40
2583 40
2584 40
2585 40
2586 40
2587 40
2588 40
2589 40
2590 40
2591 40
2592 40
2593 40
2594 40
2595 40
2596 40
2597 40
2598 40
2599 40
2600 40
2601 40
2602 40
2603 40
2604 40
2605 40
2606 40
2607 40
2608 40
2609 40
2610 40
2611 40
2612 40
2613 40
2614 40
2615 40
2616 40
2617 40
2618 40
2619 40
2620 40
2621 40
2622 40
2623 40
2624 41
2625 41
2626 41
2627 41
2628 41
2629 41
2630 41
2631 41
2632 41
2633 41
2634 41
2635 41
2636 41
2637 41
2638 41
2639 41
2640 41
2641 41
2642 41
2643 41
2644 41
2645 41
2646 41
2647 41
2648 41
2649 41
2650 41
2651 41
2652 41
2653 41
2654 41
2655 41
2656 41
2657 41
2658 41
2659 41
2660 41
2661 41
2662 41
2663 41
2664 41
2665 41
2666 41
2667 41
2668 41
2669 41
2670 41
2671 41
2672 41
2673 41
2674 41
2675 41
2676 41
2677 41
2678 41
2679 41
2680 41
2681 41
2682 41
2683 41
2684 41
2685 41
2686 41
2687 41
2688 42
2689 42
2690 42
2691 42
2692 42
2693 42
2694 42
2695 42
2696 42
2697 42
2698 42
2699 42
2700 42
2701 42
2702 42
2703 42
2704 42
2705 42
2706 42
2707 42
2708 42
2709 42
2710 42
2711 42
2712 42
2713 42
2714 42
2715 42
2716 42
2717 42
2718 42
2719 42
2720 42
2721 42
2722 42
2723 42
2724 42
2725 42
2726 42
2727 42
2728 42
2729 42
2730 42
2731 42
2732 42
2733 42
2734 42
2735 42
2736 42
2737 42
2738 42
2739 42
2740 42
2741 42
2742 42
2743 42
2744 42
2745 42
2746 42
2747 42
2748 42
2749 42
2750 42
2751 42
2752 43
2753 43
2754 43
2755 43
2756 43
2757 43
2758 43
2759 43
2760 43
2761 43
2762 43
2763 43
2764 43
2765 43
2766 43
2767 43
2768 43
2769 43
2770 43
2771 43
2772 43
2773 43
2774 43
2775 43
2776 43
2777 43
2778 43
2779 43
2780 43
2781 43
2782 43
2783 43
2784 43
2785 43
2786 43
2787 43
2788 43
2789 43
2790 43
2791 43
2792 43
2793 43
2794 43
2795 43
2796 43
2797 43
2798 43
2799 43
2800 43
2801 43
2802 43
2803 43
2804 43
2805 43
2806 43
2807 43
2808 43
2809 43
2810 43
2811 43
2812 43
2813 43
2814 43
2815 43
2816 44
2817 44
2818 44
2819 44
2820 44
2821 44
2822 44
2823 44
2824 44
2825 44
2826 44
2827 44
2828 44
2829 44
2830 44
2831 44
2832 44
2833 44
2834 44
2835 44
2836 44
2837 44
2838 44
2839 44
2840 44
2841 44
2842 44
2843 44
2844 44
2845 44
2846 44
2847 44
2848 44
2849 44
2850 44
2851 44
2852 44
2853 44
2854 44
2855 44
2856 44
2857 44
2858 44
2859 44
2860 44
2861 44
2862 44
2863 44
2864 44
2865 44
2866 44
2867 44
2868 44
2869 44
2870 44
2871 44
2872 44
2873 44
2874 44
2875 44
2876 44
2877 44
2878 44
2879 44
2880 45
2881 45
2882 45
2883 45
2884 45
2885 45
2886 45
2887 45
2888 45
2889 45
2890 45
2891 45
2892 45
2893 45
2894 45
2895 45
2896 45
2897 45
2898 45
2899 45
2900 45
2901 45
2902 45
2903 45
2904 45
2905 45
2906 45
2907 45
2908 45
2909 45
2910 45
2911 45
2912 45
2913 45
2914 45
2915 45
2916 45
2917 45
2918 45
2919 45
2920 45
2921 45
2922 45
2923 45
2924 45
2925 45
2926 45
2927 45
2928 45
2929 45
2930 45
2931 45
2932 45
2933 45
2934 45
2935 45
2936 45
2937 45
2938 45
2939 45
2940 45
2941 45
2942 45
2943 45
2944 46
2945 46
2946 46
2947 46
2948 46
2949 46
2950 46
2951 46
2952 46
2953 46
2954 46
2955 46
2956 46
2957 46
2958 46
2959 46
2960 46
2961 46
2962 46
2963 46
2964 46
2965 46
2966 46
2967 46
2968 46
2969 46
2970 46
2971 46
2972 46
2973 46
2974 46
2975 46
2976 46
2977 46
2978 46
2979 46
2980 46
2981 46
2982 46
2983 46
2984 46
2985 46
2986 46
2987 46
2988 46
2989 46
2990 46
2991 46
2992 46
2993 46
2994 46
2995 46
2996 46
2997 46
2998 46
2999 46
3000 46
3001 46
3002 46
3003 46
3004 46
3005 46
3006 46
3007 46
3008 47
3009 47
3010 47
3011 47
3012 47
3013 47
3014 47
3015 47
3016 47
3017 47
3018 47
3019 47
3020 47
3021 47
3022 47
3023 47
3024 47
3025 47
3026 47
3027 47
3028 47
3029 47
3030 47
3031 47
3032 47
3033 47
3034 47
3035 47
3036 47
3037 47
3038 47
3039 47
3040 47
3041 47
3042 47
3043 47
3044 47
3045 47
3046 47
3047 47
3048 47
3049 47
3050 47
3051 47
3052 47
3053 47
3054 47
3055 47
3056 47
3057 47
3058 47
3059 47
3060 47
3061 47
3062 47
3063 47
3064 47
3065 47
3066 47
3067 47
3068 47
3069 47
3070 47
3071 47
3072 48
3073 48
3074 48
3075 48
3076 48
3077 48
3078 48
3079 48
3080 48
3081 48
3082 48
3083 48
3084 48
3085 48
3086 48
3087 48
3088 48
3089 48
3090 48
3091 48
3092 48
3093 48
3094 48
3095 48
3096 48
3097 48
3098 48
3099 48
3100 48
3101 48
3102 48
3103 48
3104 48
3105 48
3106 48
3107 48
3108 48
3109 48
3110 48
3111 48
3112 48
3113 48
3114 48
3115 48
3116 48
3117 48
3118 48
3119 48
3120 48
3121 48
3122 48
3123 48
3124 48
3125 48
3126 48
3127 48
3128 48
3129 48
3130 48
3131 48
3132 48
3133 48
3134 48
3135 48
3136 49
3137 49
3138 49
3139 49
3140 49
3141 49
3142 49
3143 49
3144 49
3145 49
3146 49
3147 49
3148 49
3149 49
3150 49
3151 49
3152 49
3153 49
3154 49
3155 49
3156 49
3157 49
3158 49
3159 49
3160 49
3161 49
3162 49
3163 49
3164 49
3165 49
3166 49
3167 49
3168 49
3169 49
3170 49
3171 49
3172 49
3173 49
3174 49
3175 49
3176 49
3177 49
3178 49
3179 49
3180 49
3181 49
3182 49
3183 49
3184 49
3185 49
3186 49
3187 49
3188 49
3189 49
3190 49
3191 49
3192 49
3193 49
3194 49
3195 49
3196 49
3197 49
3198 49
3199 49
3200 50
3201 50
3202 50
3203 50
3204 50
3205 50
3206 50
3207 50
3208 50
3209 50
3210 50
3211 50
3212 50
3213 50
3214 50
3215 50
3216 50
3217 50
3218 50
3219 50
3220 50
3221 50
3222 50
3223 50
3224 50
3225 50
3226 50
3227 50
3228 50
3229 50
3230 50
3231 50
3232 50
3233 50
3234 50
3235 50
3236 50
3237 50
3238 50
3239 50
3240 50
3241 50
3242 50
3243 50
3244 50
3245 50
3246 50
3247 50
3248 50
3249 50
3250 50
3251 50
3252 50
3253 50
3254 50
3255 50
3256 50
3257 50
3258 50
3259 50
3260 50
3261 50
3262 50
3263 50
3264 51
3265 51
3266 51
3267 51
3268 51
3269 51
3270 51
3271 51
3272 51
3273 51
3274 51
3275 51
3276 51
3277 51
3278 51
3279 51
3280 51
3281 51
3282 51
3283 51
3284 51
3285 51
3286 51
3287 51
3288 51
3289 51
3290 51
3291 51
3292 51
3293 51
3294 51
3295 51
3296 51
3297 51
3298 51
3299 51
3300 51
3301 51
3302 51
3303 51
3304 51
3305 51
3306 51
3307 51
3308 51
3309 51
3310 51
3311 51
3312 51
3313 51
3314 51
3315 51
3316 51
3317 51
3318 51
3319 51
3320 51
3321 51
3322 51
3323 51
3324 51
3325 51
3326 51
3327 51
3328 52
3329 52
3330 52
3331 52
3332 52
3333 52
3334 52
3335 52
3336 52
3337 52
3338 52
3339 52
3340 52
3341 52
3342 52
3343 52
3344 52
3345 52
3346 52
3347 52
3348 52
3349 52
3350 52
3351 52
3352 52
3353 52
3354 52
3355 52
3356 52
3357 52
3358 52
3359 52
3360 52
3361 52
3362 52
3363 52
3364 52
3365 52
3366 52
3367 52
3368 52
3369 52
3370 52
3371 52
3372 52
3373 52
3374 52
3375 52
3376 52
3377 52
3378 52
3379 52
3380 52
3381 52
3382 52
3383 52
3384 52
3385 52
3386 52
3387 52
3388 52
3389 52
3390 52
3391 52
3392 53
3393 53
3394 53
3395 53
3396 53
3397 53
3398 53
3399 53
3400 53
3401 53
3402 53
3403 53
3404 53
3405 53
3406 53
3407 53
3408 53
3409 53
3410 53
3411 53
3412 53
3413 53
3414 53
3415 53
3416 53
3417 53
3418 53
3419 53
3420 53
3421 53
3422 53
3423 53
3424 53
3425 53
3426 53
3427 53
3428 53
3429 53
3430 53
3431 53
3432 53
3433 53
3434 53
3435 53
3436 53
3437 53
3438 53
3439 53
3440 53
3441 53
3442 53
3443 53
3444 53
3445 53
3446 53
3447 53
3448 53
3449 53
3450 53
3451 53
3452 53
3453 53
3454 53
3455 53
3456 54
3457 54
3458 54
3459 54
3460 54
3461 54
3462 54
3463 54
3464 54
3465 54
3466 54
3467 54
3468 54
3469 54
3470 54
3471 54
3472 54
3473 54
3474 54
3475 54
3476 54
3477 54
3478 54
3479 54
3480 54
3481 54
3482 54
3483 54
3484 54
3485 54
3486 54
3487 54
3488 54
3489 54
3490 54
3491 54
3492 54
3493 54
3494 54
3495 54
3496 54
3497 54
3498 54
3499 54
3500 54
3501 54
3502 54
3503 54
3504 54
3505 54
3506 54
3507 54
3508 54
3509 54
3510 54
3511 54
3512 54
3513 54
3514 54
3515 54
3516 54
3517 54
3518 54
3519 54
3520 55
3521 55
3522 55
3523 55
3524 55
3525 55
3526 55
3527 55
3528 55
3529 55
3530 55
3531 55
3532 55
3533 55
3534 55
3535 55
3536 55
3537 55
3538 55
3539 55
3540 55
3541 55
3542 55
3543 55
3544 55
3545 55
3546 55
3547 55
3548 55
3549 55
3550 55
3551 55
3552 55
3553 55
3554 55
3555 55
3556 55
3557 55
3558 55
3559 55
3560 55
3561 55
3562 55
3563 55
3564 55
3565 55
3566 55
3567 55
3568 55
3569 55
3570 55
3571 55
3572 55
3573 55
3574 55
3575 55
3576 55
3577 55
3578 55
3579 55
3580 55
3581 55
3582 55
3583 55
3584 56
3585 56
3586 56
3587 56
3588 56
3589 56
3590 56
3591 56
3592 56
3593 56
3594 56
3595 56
3596 56
3597 56
3598 56
3599 56
3600 56
3601 56
3602 56
3603 56
3604 56
3605 56
3606 56
3607 56
3608 56
3609 56
3610 56
3611 56
3612 56
3613 56
3614 56
3615 56
3616 56
3617 56
3618 56
3619 56
3620 56
3621 56
3622 56
3623 56
3624 56
3625 56
3626 56
3627 56
3628 56
3629 56
3630 56
3631 56
3632 56
3633 56
3634 56
3635 56
3636 56
3637 56
3638 56
3639 56
3640 56
3641 56
3642 56
3643 56
3644 56
3645 56
3646 56
3647 56
3648 57
3649 57
3650 57
3651 57
3652 57
3653 57
3654 57
3655 57
3656 57
3657 57
3658 57
3659 57
3660 57
3661 57
3662 57
3663 57
3664 57
3665 57
3666 57
3667 57
3668 57
3669 57
3670 57
3671 57
3672 57
3673 57
3674 57
3675 57
3676 57
3677 57
3678 57
3679 57
3680 57
3681 57
3682 57
3683 57
3684 57
3685 57
3686 57
3687 57
3688 57
3689 57
3690 57
3691 57
3692 57
3693 57
3694 57
3695 57
3696 57
3697 57
3698 57
3699 57
3700 57
3701 57
3702 57
3703 57
3704 57
3705 57
3706 57
3707 57
3708 57
3709 57
3710 57
3711 57
3712 58
3713 58
3714 58
3715 58
3716 58
3717 58
3718 58
3719 58
3720 58
3721 58
3722 58
3723 58
3724 58
3725 58
3726 58
3727 58
3728 58
3729 58
3730 58
3731 58
3732 58
3733 58
3734 58
3735 58
3736 58
3737 58
3738 58
3739 58
3740 58
3741 58
3742 58
3743 58
3744 58
3745 58
3746 58
3747 58
3748 58
3749 58
3750 58
3751 58
3752 58
3753 58
3754 58
3755 58
3756 58
3757 58
3758 58
3759 58
3760 58
3761 58
3762 58
3763 58
3764 58
3765 58
3766 58
3767 58
3768 58
3769 58
3770 58
3771 58
3772 58
3773 58
3774 58
3775 58
3776 59
3777 59
3778 59
3779 59
3780 59
3781 59
3782 59
3783 59
3784 59
3785 59
3786 59
3787 59
3788 59
3789 59
3790 59
3791 59
3792 59
3793 59
3794 59
3795 59
3796 59
3797 59
3798 59
3799 59
3800 59
3801 59
3802 59
3803 59
3804 59
3805 59
3806 59
3807 59
3808 59
3809 59
3810 59
3811 59
3812 59
3813 59
3814 59
3815 59
3816 59
3817 59
3818 59
3819 59
3820 59
3821 59
3822 59
3823 59
3824 59
3825 59
3826 59
3827 59
3828 59
3829 59
3830 59
3831 59
3832 59
3833 59
3834 59
3835 59
3836 59
3837 59
3838 59
3839 59
3840 33
3841 33
3842 33
3843 33
3844 33
3845 33
3846 33
3847 33
3848 33
3849 33
3850 33
3851 33
3852 33
3853 33
3854 33
3855 33
3856 33
3857 33
3858 33
3859 33
3860 33
3861 33
3862 33
3863 33
3864 33
3865 33
3866 33
3867 33
3868 33
3869 33
3870 33
3871 33
3872 33
3873 33
3874 33
3875 33
3876 33
3877 33
3878 33
3879 33
3880 33
3881 33
3882 33
3883 33
3884 33
3885 33
3886 33
3887 33
3888 33
3889 33
3890 33
3891 33
3892 33
3893 33
3894 33
3895 33
3896 33
3897 33
3898 33
3899 33
3900 33
3901 33
3902 33
3903 33
3904 60
3905 60
3906 60
3907 60
3908 60
3909 60
3910 60
3911 60
3912 60
3913 60
3914 60
3915 60
3916 60
3917 60
3918 60
3919 60
3920 60
3921 60
3922 60
3923 60
3924 60
3925 60
3926 60
3927 60
3928 60
3929 60
3930 60
3931 60
3932 60
3933 60
3934 60
3935 60
3936 60
3937 60
3938 60
3939 60
3940 60
3941 60
3942 60
3943 60
3944 60
3945 60
3946 60
3947 60
3948 60
3949 60
3950 60
3951 60
3952 60
3953 60
3954 60
3955 60
3956 60
3957 60
3958 60
3959 60
3960 60
3961 60
3962 60
3963 60
3964 60
3965 60
3966 60
3967 60
3968 61
3969 61
3970 61
3971 61
3972 61
3973 61
3974 61
3975 61
3976 61
3977 61
3978 61
3979 61
3980 61
3981 61
3982 61
3983 61
3984 61
3985 61
3986 61
3987 61
3988 61
3989 61
3990 61
3991 61
3992 61
3993 61
3994 61
3995 61
3996 61
3997 61
3998 61
3999 61
4000 61
4001 61
4002 61
4003 61
4004 61
4005 61
4006 61
4007 61
4008 61
4009 61
4010 61
4011 61
4012 61
4013 61
4014 61
4015 61
4016 61
4017 61
4018 61
4019 61
4020 61
4021 61
4022 61
4023 61
4024 61
4025 61
4026 61
4027 61
4028 61
4029 61
4030 61
4031 61
4032 62
4033 62
4034 62
4035 62
4036 62
4037 62
4038 62
4039 62
4040 62
4041 62
4042 62
4043 62
4044 62
4045 62
4046 62
4047 62
4048 62
4049 62
4050 62
4051 62
4052 62
4053 62
4054 62
4055 62
4056 62
4057 62
4058 62
4059 62
4060 62
4061 62
4062 62
4063 62
4064 62
4065 62
4066 62
4067 62
4068 62
4069 62
4070 62
4071 62
4072 62
4073 62
4074 62
4075 62
4076 62
4077 62
4078 62
4079 62
4080 62
4081 62
4082 62
4083 62
4084 62
4085 62
4086 62
4087 62
4088 62
4089 62
4090 62
4091 62
4092 62
4093 62
4094 62
4095 62
4096 63
4097 63
4098 63
4099 63
4100 63
4101 63
4102 63
4103 63
4104 63
4105 63
4106 63
4107 63
4108 63
4109 63
4110 63
4111 63
4112 63
4113 63
4114 63
4115 63
4116 63
4117 63
4118 63
4119 63
4120 63
4121 63
4122 63
4123 63
4124 63
4125 63
4126 63
4127 63
4128 63
4129 63
4130 63
4131 63
4132 63
4133 63
4134 63
4135 63
4136 63
4137 63
4138 63
4139 63
4140 63
4141 63
4142 63
4143 63
4144 63
4145 63
4146 63
4147 63
4148 63
4149 63
4150 63
4151 63
4152 63
4153 63
4154 63
4155 63
4156 63
4157 63
4158 63
4159 63
4160 64
4161 64
4162 64
4163 64
4164 64
4165 64
4166 64
4167 64
4168 64
4169 64
4170 64
4171 64
4172 64
4173 64
4174 64
4175 64
4176 64
4177 64
4178 64
4179 64
4180 64
4181 64
4182 64
4183 64
4184 64
4185 64
4186 64
4187 64
4188 64
4189 64
4190 64
4191 64
4192 64
4193 64
4194 64
4195 64
4196 64
4197 64
4198 64
4199 64
4200 64
4201 64
4202 64
4203 64
4204 64
4205 64
4206 64
4207 64
4208 64
4209 64
4210 64
4211 64
4212 64
4213 64
4214 64
4215 64
4216 64
4217 64
4218 64
4219 64
4220 64
4221 64
4222 64
4223 64
4224 65
4225 65
4226 65
4227 65
4228 65
4229 65
4230 65
4231 65
4232 65
4233 65
4234 65
4235 65
4236 65
4237 65
4238 65
4239 65
4240 65
4241 65
4242 65
4243 65
4244 65
4245 65
4246 65
4247 65
4248 65
4249 65
4250 65
4251 65
4252 65
4253 65
4254 65
4255 65
4256 65
4257 65
4258 65
4259 65
4260 65
4261 65
4262 65
4263 65
4264 65
4265 65
4266 65
4267 65
4268 65
4269 65
4270 65
4271 65
4272 65
4273 65
4274 65
4275 65
4276 65
4277 65
4278 65
4279 65
4280 65
4281 65
4282 65
4283 65
4284 65
4285 65
4286 65
4287 65
4288 66
4289 66
4290 66
4291 66
4292 66
4293 66
4294 66
4295 66
4296 66
4297 66
4298 66
4299 66
4300 66
4301 66
4302 66
4303 66
4304 66
4305 66
4306 66
4307 66
4308 66
4309 66
4310 66
4311 66
4312 66
4313 66
4314 66
4315 66
4316 66
4317 66
4318 66
4319 66
4320 66
4321 66
4322 66
4323 66
4324 66
4325 66
4326 66
4327 66
4328 66
4329 66
4330 66
4331 66
4332 66
4333 66
4334 66
4335 66
4336 66
4337 66
4338 66
4339 66
4340 66
4341 66
4342 66
4343 66
4344 66
4345 66
4346 66
4347 66
4348 66
4349 66
4350 66
4351 66
4352 67
4353 67
4354 67
4355 67
4356 67
4357 67
4358 67
4359 67
4360 67
4361 67
4362 67
4363 67
4364 67
4365 67
4366 67
4367 67
4368 67
4369 67
4370 67
4371 67
4372 67
4373 67
4374 67
4375 67
4376 67
4377 67
4378 67
4379 67
4380 67
4381 67
4382 67
4383 67
4384 67
4385 67
4386 67
4387 67
4388 67
4389 67
4390 67
4391 67
4392 67
4393 67
4394 67
4395 67
4396 67
4397 67
4398 67
4399 67
4400 67
4401 67
4402 67
4403 67
4404 67
4405 67
4406 67
4407 67
4408 67
4409 67
4410 67
4411 67
4412 67
4413 67
4414 67
4415 67
4416 68
4417 68
4418 68
4419 68
4420 68
4421 68
4422 68
4423 68
4424 68
4425 68
4426 68
4427 68
4428 68
4429 68
4430 68
4431 68
4432 68
4433 68
4434 68
4435 68
4436 68
4437 68
4438 68
4439 68
4440 68
4441 68
4442 68
4443 68
4444 68
4445 68
4446 68
4447 68
4448 68
4449 68
4450 68
4451 68
4452 68
4453 68
4454 68
4455 68
4456 68
4457 68
4458 68
4459 68
4460 68
4461 68
4462 68
4463 68
4464 68
4465 68
4466 68
4467 68
4468 68
4469 68
4470 68
4471 68
4472 68
4473 68
4474 68
4475 68
4476 68
4477 68
4478 68
4479 68
4480 69
4481 69
4482 69
4483 69
4484 69
4485 69
4486 69
4487 69
4488 69
4489 69
4490 69
4491 69
4492 69
4493 69
4494 69
4495 69
4496 69
4497 69
4498 69
4499 69
4500 69
4501 69
4502 69
4503 69
4504 69
4505 69
4506 69
4507 69
4508 69
4509 69
4510 69
4511 69
4512 69
4513 69
4514 69
4515 69
4516 69
4517 69
4518 69
4519 69
4520 69
4521 69
4522 69
4523 69
4524 69
4525 69
4526 69
4527 69
4528 69
4529 69
4530 69
4531 69
4532 69
4533 69
4534 69
4535 69
4536 69
4537 69
4538 69
4539 69
4540 69
4541 69
4542 69
4543 69
4544 70
4545 70
4546 70
4547 70
4548 70
4549 70
4550 70
4551 70
4552 70
4553 70
4554 70
4555 70
4556 70
4557 70
4558 70
4559 70
4560 70
4561 70
4562 70
4563 70
4564 70
4565 70
4566 70
4567 70
4568 70
4569 70
4570 70
4571 70
4572 70
4573 70
4574 70
4575 70
4576 70
4577 70
4578 70
4579 70
4580 70
4581 70
4582 70
4583 70
4584 70
4585 70
4586 70
4587 70
4588 70
4589 70
4590 70
4591 70
4592 70
4593 70
4594 70
4595 70
4596 70
4597 70
4598 70
4599 70
4600 70
4601 70
4602 70
4603 70
4604 70
4605 70
4606 70
4607 70
4608 71
4609 71
4610 71
4611 71
4612 71
4613 71
4614 71
4615 71
4616 71
4617 71
4618 71
4619 71
4620 71
4621 71
4622 71
4623 71
4624 71
4625 71
4626 71
4627 71
4628 71
4629 71
4630 71
4631 71
4632 71
4633 71
4634 71
4635 71
4636 71
4637 71
4638 71
4639 71
4640 71
4641 71
4642 71
4643 71
4644 71
4645 71
4646 71
4647 71
4648 71
4649 71
4650 71
4651 71
4652 71
4653 71
4654 71
4655 71
4656 71
4657 71
4658 71
4659 71
4660 71
4661 71
4662 71
4663 71
4664 71
4665 71
4666 71
4667 71
4668 71
4669 71
4670 71
4671 71
4672 47
4673 47
4674 47
4675 47
4676 47
4677 47
4678 47
4679 47
4680 47
4681 47
4682 47
4683 47
4684 47
4685 47
4686 47
4687 47
4688 47
4689 47
4690 47
4691 47
4692 47
4693 47
4694 47
4695 47
4696 47
4697 47
4698 47
4699 47
4700 47
4701 47
4702 47
4703 47
4704 47
4705 47
4706 47
4707 47
4708 47
4709 47
4710 47
4711 47
4712 47
4713 47
4714 47
4715 47
4716 47
4717 47
4718 47
4719 47
4720 47
4721 47
4722 47
4723 47
4724 47
4725 47
4726 47
4727 47
4728 47
4729 47
4730 47
4731 47
4732 47
4733 47
4734 47
4735 47
4736 72
4737 72
4738 72
4739 72
4740 72
4741 72
4742 72
4743 72
4744 72
4745 72
4746 72
4747 72
4748 72
4749 72
4750 72
4751 72
4752 72
4753 72
4754 72
4755 72
4756 72
4757 72
4758 72
4759 72
4760 72
4761 72
4762 72
4763 72
4764 72
4765 72
4766 72
4767 72
4768 72
4769 72
4770 72
4771 72
4772 72
4773 72
4774 72
4775 72
4776 72
4777 72
4778 72
4779 72
4780 72
4781 72
4782 72
4783 72
4784 72
4785 72
4786 72
4787 72
4788 72
4789 72
4790 72
4791 72
4792 72
4793 72
4794 72
4795 72
4796 72
4797 72
4798 72
4799 72
4800 73
4801 73
4802 73
4803 73
4804 73
4805 73
4806 73
4807 73
4808 73
4809 73
4810 73
4811 73
4812 73
4813 73
4814 73
4815 73
4816 73
4817 73
4818 73
4819 73
4820 73
4821 73
4822 73
4823 73
4824 73
4825 73
4826 73
4827 73
4828 73
4829 73
4830 73
4831 73
4832 73
4833 73
4834 73
4835 73
4836 73
4837 73
4838 73
4839 73
4840 73
4841 73
4842 73
4843 73
4844 73
4845 73
4846 73
4847 73
4848 73
4849 73
4850 73
4851 73
4852 73
4853 73
4854 73
4855 73
4856 73
4857 73
4858 73
4859 73
4860 73
4861 73
4862 73
4863 73
4864 74
4865 74
4866 74
4867 74
4868 74
4869 74
4870 74
4871 74
4872 74
4873 74
4874 74
4875 74
4876 74
4877 74
4878 74
4879 74
4880 74
4881 74
4882 74
4883 74
4884 74
4885 74
4886 74
4887 74
4888 74
4889 74
4890 74
4891 74
4892 74
4893 74
4894 74
4895 74
4896 74
4897 74
4898 74
4899 74
4900 74
4901 74
4902 74
4903 74
4904 74
4905 74
4906 74
4907 74
4908 74
4909 74
4910 74
4911 74
4912 74
4913 74
4914 74
4915 74
4916 74
4917 74
4918 74
4919 74
4920 74
4921 74
4922 74
4923 74
4924 74
4925 74
4926 74
4927 74
4928 75
4929 75
4930 75
4931 75
4932 75
4933 75
4934 75
4935 75
4936 75
4937 75
4938 75
4939 75
4940 75
4941 75
4942 75
4943 75
4944 75
4945 75
4946 75
4947 75
4948 75
4949 75
4950 75
4951 75
4952 75
4953 75
4954 75
4955 75
4956 75
4957 75
4958 75
4959 75
4960 75
4961 75
4962 75
4963 75
4964 75
4965 75
4966 75
4967 75
4968 75
4969 75
4970 75
4971 75
4972 75
4973 75
4974 75
4975 75
4976 75
4977 75
4978 75
4979 75
4980 75
4981 75
4982 75
4983 75
4984 75
4985 75
4986 75
4987 75
4988 75
4989 75
4990 75
4991 75
4992 76
4993 76
4994 76
4995 76
4996 76
4997 76
4998 76
4999 76
5000 76
5001 76
5002 76
5003 76
5004 76
5005 76
5006 76
5007 76
5008 76
5009 76
5010 76
5011 76
5012 76
5013 76
5014 76
5015 76
5016 76
5017 76
5018 76
5019 76
5020 76
5021 76
5022 76
5023 76
5024 76
5025 76
5026 76
5027 76
5028 76
5029 76
5030 76
5031 76
5032 76
5033 76
5034 76
5035 76
5036 76
5037 76
5038 76
5039 76
5040 76
5041 76
5042 76
5043 76
5044 76
5045 76
5046 76
5047 76
5048 76
5049 76
5050 76
5051 76
5052 76
5053 76
5054 76
5055 76
5056 77
5057 77
5058 77
5059 77
5060 77
5061 77
5062 77
5063 77
5064 77
5065 77
5066 77
5067 77
5068 77
5069 77
5070 77
5071 77
5072 77
5073 77
5074 77
5075 77
5076 77
5077 77
5078 77
5079 77
5080 77
5081 77
5082 77
5083 77
5084 77
5085 77
5086 77
5087 77
5088 77
5089 77
5090 77
5091 77
5092 77
5093 77
5094 77
5095 77
5096 77
5097 77
5098 77
5099 77
5100 77
5101 77
5102 77
5103 77
5104 77
5105 77
5106 77
5107 77
5108 77
5109 77
5110 77
5111 77
5112 77
5113 77
5114 77
5115 77
5116 77
5117 77
5118 77
5119 77
5120 78
5121 78
5122 78
5123 78
5124 78
5125 78
5126 78
5127 78
5128 78
5129 78
5130 78
5131 78
5132 78
5133 78
5134 78
5135 78
5136 78
5137 78
5138 78
5139 78
5140 78
5141 78
5142 78
5143 78
5144 78
5145 78
5146 78
5147 78
5148 78
5149 78
5150 78
5151 78
5152 78
5153 78
5154 78
5155 78
5156 78
5157 78
5158 78
5159 78
5160 78
5161 78
5162 78
5163 78
5164 78
5165 78
5166 78
5167 78
5168 78
5169 78
5170 78
5171 78
5172 78
5173 78
5174 78
5175 78
5176 78
5177 78
5178 78
5179 78
5180 78
5181 78
5182 78
5183 78
5184 79
5185 79
5186 79
5187 79
5188 79
5189 79
5190 79
5191 79
5192 79
5193 79
5194 79
5195 79
5196 79
5197 79
5198 79
5199 79
5200 79
5201 79
5202 79
5203 79
5204 79
5205 79
5206 79
5207 79
5208 79
5209 79
5210 79
5211 79
5212 79
5213 79
5214 79
5215 79
5216 79
5217 79
5218 79
5219 79
5220 79
5221 79
5222 79
5223 79
5224 79
5225 79
5226 79
5227 79
5228 79
5229 79
5230 79
5231 79
5232 79
5233 79
5234 79
5235 79
5236 79
5237 79
5238 79
5239 79
5240 79
5241 79
5242 79
5243 79
5244 79
5245 79
5246 79
5247 79
5248 80
5249 80
5250 80
5251 80
5252 80
5253 80
5254 80
5255 80
5256 80
5257 80
5258 80
5259 80
5260 80
5261 80
5262 80
5263 80
5264 80
5265 80
5266 80
5267 80
5268 80
5269 80
5270 80
5271 80
5272 80
5273 80
5274 80
5275 80
5276 80
5277 80
5278 80
5279 80
5280 80
5281 80
5282 80
5283 80
5284 80
5285 80
5286 80
5287 80
5288 80
5289 80
5290 80
5291 80
5292 80
5293 80
5294 80
5295 80
5296 80
5297 80
5298 80
5299 80
5300 80
5301 80
5302 80
5303 80
5304 80
5305 80
5306 80
5307 80
5308 80
5309 80
5310 80
5311 80
5312 81
5313 81
5314 81
5315 81
5316 81
5317 81
5318 81
5319 81
5320 81
5321 81
5322 81
5323 81
5324 81
5325 81
5326 81
5327 81
5328 81
5329 81
5330 81
5331 81
5332 81
5333 81
5334 81
5335 81
5336 81
5337 81
5338 81
5339 81
5340 81
5341 81
5342 81
5343 81
5344 81
5345 81
5346 81
5347 81
5348 81
5349 81
5350 81
5351 81
5352 81
5353 81
5354 81
5355 81
5356 81
5357 81
5358 81
5359 81
5360 81
5361 81
5362 81
5363 81
5364 81
5365 81
5366 81
5367 81
5368 81
5369 81
5370 81
5371 81
5372 81
5373 81
5374 81
5375 81
5376 82
5377 82
5378 82
5379 82
5380 82
5381 82
5382 82
5383 82
5384 82
5385 82
5386 82
5387 82
5388 82
5389 82
5390 82
5391 82
5392 82
5393 82
5394 82
5395 82
5396 82
5397 82
5398 82
5399 82
5400 82
5401 82
5402 82
5403 82
5404 82
5405 82
5406 82
5407 82
5408 82
5409 82
5410 82
5411 82
5412 82
5413 82
5414 82
5415 82
5416 82
5417 82
5418 82
5419 82
5420 82
5421 82
5422 82
5423 82
5424 82
5425 82
5426 82
5427 82
5428 82
5429 82
5430 82
5431 82
5432 82
5433 82
5434 82
5435 82
5436 82
5437 82
5438 82
5439 82
5440 83
5441 83
5442 83
5443 83
5444 83
5445 83
5446 83
5447 83
5448 83
5449 83
5450 83
5451 83
5452 83
5453 83
5454 83
5455 83
5456 83
5457 83
5458 83
5459 83
5460 83
5461 83
5462 83
5463 83
5464 83
5465 83
5466 83
5467 83
5468 83
5469 83
5470 83
5471 83
5472 83
5473 83
5474 83
5475 83
5476 83
5477 83
5478 83
5479 83
5480 83
5481 83
5482 83
5483 83
5484 83
5485 83
5486 83
5487 83
5488 83
5489 83
5490 83
5491 83
5492 83
5493 83
5494 83
5495 83
5496 83
5497 83
5498 83
5499 83
5500 83
5501 83
5502 83
5503 83
5504 84
5505 84
5506 84
5507 84
5508 84
5509 84
5510 84
5511 84
5512 84
5513 84
5514 84
5515 84
5516 84
5517 84
5518 84
5519 84
5520 84
5521 84
5522 84
5523 84
5524 84
5525 84
5526 84
5527 84
5528 84
5529 84
5530 84
5531 84
5532 84
5533 84
5534 84
5535 84
5536 84
5537 84
5538 84
5539 84
5540 84
5541 84
5542 84
5543 84
5544 84
5545 84
5546 84
5547 84
5548 84
5549 84
5550 84
5551 84
5552 84
5553 84
5554 84
5555 84
5556 84
5557 84
5558 84
5559 84
5560 84
5561 84
5562 84
5563 84
5564 84
5565 84
5566 84
5567 84
5568 85
5569 85
5570 85
5571 85
5572 85
5573 85
5574 85
5575 85
5576 85
5577 85
5578 85
5579 85
5580 85
5581 85
5582 85
5583 85
5584 85
5585 85
5586 85
5587 85
5588 85
5589 85
5590 85
5591 85
5592 85
5593 85
5594 85
5595 85
5596 85
5597 85
5598 85
5599 85
5600 85
5601 85
5602 85
5603 85
5604 85
5605 85
5606 85
5607 85
5608 85
5609 85
5610 85
5611 85
5612 85
5613 85
5614 85
5615 85
5616 85
5617 85
5618 85
5619 85
5620 85
5621 85
5622 85
5623 85
5624 85
5625 85
5626 85
5627 85
5628 85
5629 85
5630 85
5631 85
5632 86
5633 86
5634 86
5635 86
5636 86
5637 86
5638 86
5639 86
5640 86
5641 86
5642 86
5643 86
5644 86
5645 86
5646 86
5647 86
5648 86
5649 86
5650 86
5651 86
5652 86
5653 86
5654 86
5655 86
5656 86
5657 86
5658 86
5659 86
5660 86
5661 86
5662 86
5663 86
5664 86
5665 86
5666 86
5667 86
5668 86
5669 86
5670 86
5671 86
5672 86
5673 86
5674 86
5675 86
5676 86
5677 86
5678 86
5679 86
5680 86
5681 86
5682 86
5683 86
5684 86
5685 86
5686 86
5687 86
5688 86
5689 86
5690 86
5691 86
5692 86
5693 86
5694 86
5695 86
5696 61
5697 61
5698 61
5699 61
5700 61
5701 61
5702 61
5703 61
5704 61
5705 61
5706 61
5707 61
5708 61
5709 61
5710 61
5711 61
5712 61
5713 61
5714 61
5715 61
5716 61
5717 61
5718 61
5719 61
5720 61
5721 61
5722 61
5723 61
5724 61
5725 61
5726 61
5727 61
5728 61
5729 61
5730 61
5731 61
5732 61
5733 61
5734 61
5735 61
5736 61
5737 61
5738 61
5739 61
5740 61
5741 61
5742 61
5743 61
5744 61
5745 61
5746 61
5747 61
5748 61
5749 61
5750 61
5751 61
5752 61
5753 61
5754 61
5755 61
5756 61
5757 61
5758 61
5759 61
5760 87
5761 87
5762 87
5763 87
5764 87
5765 87
5766 87
5767 87
5768 87
5769 87
5770 87
5771 87
5772 87
5773 87
5774 87
5775 87
5776 87
5777 87
5778 87
5779 87
5780 87
5781 87
5782 87
5783 87
5784 87
5785 87
5786 87
5787 87
5788 87
5789 87
5790 87
5791 87
5792 87
5793 87
5794 87
5795 87
5796 87
5797 87
5798 87
5799 87
5800 87
5801 87
5802 87
5803 87
5804 87
5805 87
5806 87
5807 87
5808 87
5809 87
5810 87
5811 87
5812 87
5813 87
5814 87
5815 87
5816 87
5817 87
5818 87
5819 87
5820 87
5821 87
5822 87
5823 87
5824 88
5825 88
5826 88
5827 88
5828 88
5829 88
5830 88
5831 88
5832 88
5833 88
5834 88
5835 88
5836 88
5837 88
5838 88
5839 88
5840 88
5841 88
5842 88
5843 88
5844 88
5845 88
5846 88
5847 88
5848 88
5849 88
5850 88
5851 88
5852 88
5853 88
5854 88
5855 88
5856 88
5857 88
5858 88
5859 88
5860 88
5861 88
5862 88
5863 88
5864 88
5865 88
5866 88
5867 88
5868 88
5869 88
5870 88
5871 88
5872 88
5873 88
5874 88
5875 88
5876 88
5877 88
5878 88
5879 88
5880 88
5881 88
5882 88
5883 88
5884 88
5885 88
5886 88
5887 88
5888 89
5889 89
5890 89
5891 89
5892 89
5893 89
5894 89
5895 89
5896 89
5897 89
5898 89
5899 89
5900 89
5901 89
5902 89
5903 89
5904 89
5905 89
5906 89
5907 89
5908 89
5909 89
5910 89
5911 89
5912 89
5913 89
5914 89
5915 89
5916 89
5917 89
5918 89
5919 89
5920 89
5921 89
5922 89
5923 89
5924 89
5925 89
5926 89
5927 89
5928 89
5929 89
5930 89
5931 89
5932 89
5933 89
5934 89
5935 89
5936 89
5937 89
5938 89
5939 89
5940 89
5941 89
5942 89
5943 89
5944 89
5945 89
5946 89
5947 89
5948 89
5949 89
5950 89
5951 89
5952 90
5953 90
5954 90
5955 90
5956 90
5957 90
5958 90
5959 90
5960 90
5961 90
5962 90
5963 90
5964 90
5965 90
5966 90
5967 90
5968 90
5969 90
5970 90
5971 90
5972 90
5973 90
5974 90
5975 90
5976 90
5977 90
5978 90
5979 90
5980 90
5981 90
5982 90
5983 90
5984 90
5985 90
5986 90
5987 90
5988 90
5989 90
5990 90
5991 90
5992 90
5993 90
5994 90
5995 90
5996 90
5997 90
5998 90
5999 90
6000 90
6001 90
6002 90
6003 90
6004 90
6005 90
6006 90
6007 90
6008 90
6009 90
6010 90
6011 90
6012 90
6013 90
6014 90
6015 90
6016 27
6017 27
6018 27
6019 27
6020 27
6021 27
6022 27
6023 27
6024 27
6025 27
6026 27
6027 27
6028 27
6029 27
6030 27
6031 27
6032 27
6033 27
6034 27
6035 27
6036 27
6037 27
6038 27
6039 27
6040 27
6041 27
6042 27
6043 27
6044 27
6045 27
6046 27
6047 27
6048 27
6049 27
6050 27
6051 27
6052 27
6053 27
6054 27
6055 27
6056 27
6057 27
6058 27
6059 27
6060 27
6061 27
6062 27
6063 27
6064 27
6065 27
6066 27
6067 27
6068 27
6069 27
6070 27
6071 27
6072 27
6073 27
6074 27
6075 27
6076 27
6077 27
6078 27
6079 27
6080 91
6081 91
6082 91
6083 91
6084 91
6085 91
6086 91
6087 91
6088 91
6089 91
6090 91
6091 91
6092 91
6093 91
6094 91
6095 91
6096 91
6097 91
6098 91
6099 91
6100 91
6101 91
6102 91
6103 91
6104 91
6105 91
6106 91
6107 91
6108 91
6109 91
6110 91
6111 91
6112 91
6113 91
6114 91
6115 91
6116 91
6117 91
6118 91
6119 91
6120 91
6121 91
6122 91
6123 91
6124 91
6125 91
6126 91
6127 91
6128 91
6129 91
6130 91
6131 91
6132 91
6133 91
6134 91
6135 91
6136 91
6137 91
6138 91
6139 91
6140 91
6141 91
6142 91
6143 91
6144 92
6145 92
6146 92
6147 92
6148 92
6149 92
6150 92
6151 92
6152 92
6153 92
6154 92
6155 92
6156 92
6157 92
6158 92
6159 92
6160 92
6161 92
6162 92
6163 92
6164 92
6165 92
6166 92
6167 92
6168 92
6169 92
6170 92
6171 92
6172 92
6173 92
6174 92
6175 92
6176 92
6177 92
6178 92
6179 92
6180 92
6181 92
6182 92
6183 92
6184 92
6185 92
6186 92
6187 92
6188 92
6189 92
6190 92
6191 92
6192 92
6193 92
6194 92
6195 92
6196 92
6197 92
6198 92
6199 92
6200 92
6201 92
6202 92
6203 92
6204 92
6205 92
6206 92
6207 92
6208 93
6209 93
6210 93
6211 93
6212 93
6213 93
6214 93
6215 93
6216 93
6217 93
6218 93
6219 93
6220 93
6221 93
6222 93
6223 93
6224 93
6225 93
6226 93
6227 93
6228 93
6229 93
6230 93
6231 93
6232 93
6233 93
6234 93
6235 93
6236 93
6237 93
6238 93
6239 93
6240 93
6241 93
6242 93
6243 93
6244 93
6245 93
6246 93
6247 93
6248 93
6249 93
6250 93
6251 93
6252 93
6253 93
6254 93
6255 93
6256 93
6257 93
6258 93
6259 93
6260 93
6261 93
6262 93
6263 93
6264 93
6265 93
6266 93
6267 93
6268 93
6269 93
6270 93
6271 93
6272 94
6273 94
6274 94
6275 94
6276 94
6277 94
6278 94
6279 94
6280 94
6281 94
6282 94
6283 94
6284 94
6285 94
6286 94
6287 94
6288 94
6289 94
6290 94
6291 94
6292 94
6293 94
6294 94
6295 94
6296 94
6297 94
6298 94
6299 94
6300 94
6301 94
6302 94
6303 94
6304 94
6305 94
6306 94
6307 94
6308 94
6309 94
6310 94
6311 94
6312 94
6313 94
6314 94
6315 94
6316 94
6317 94
6318 94
6319 94
6320 94
6321 94
6322 94
6323 94
6324 94
6325 94
6326 94
6327 94
6328 94
6329 94
6330 94
6331 94
6332 94
6333 94
6334 94
6335 94
6336 47
6337 47
6338 47
6339 47
6340 47
6341 47
6342 47
6343 47
6344 47
6345 47
6346 47
6347 47
6348 47
6349 47
6350 47
6351 47
6352 47
6353 47
6354 47
6355 47
6356 47
6357 47
6358 47
6359 47
6360 47
6361 47
6362 47
6363 47
6364 47
6365 47
6366 47
6367 47
6368 47
6369 47
6370 47
6371 47
6372 47
6373 47
6374 47
6375 47
6376 47
6377 47
6378 47
6379 47
6380 47
6381 47
6382 47
6383 47
6384 47
6385 47
6386 47
6387 47
6388 47
6389 47
6390 47
6391 47
6392 47
6393 47
6394 47
6395 47
6396 47
6397 47
6398 47
6399 47
