0 0
1 0
2 0
3 0
4 0
5 0
6 0
7 0
8 0
9 0
10 0
11 0
12 0
13 0
14 0
15 0
16 0
17 0
18 0
19 0
20 0
21 0
22 0
23 0
24 0
25 0
26 0
27 0
28 0
29 0
30 0
31 0
32 0
33 0
34 0
35 0
36 0
37 0
38 0
39 0
40 0
41 0
42 0
43 0
44 0
45 0
46 0
47 0
48 0
49 0
50 0
51 0
52 0
53 0
54 0
55 0
56 0
57 0
58 0
59 0
60 0
61 0
62 0
63 0
64 1
65 1
66 1
67 1
68 1
69 1
70 1
71 1
72 1
73 1
74 1
75 1
76 1
77 1
78 1
79 1
80 1
81 1
82 1
83 1
84 1
85 1
86 1
87 1
88 1
89 1
90 1
91 1
92 1
93 1
94 1
95 1
96 1
97 1
98 1
99 1
100 1
101 1
102 1
103 1
104 1
105 1
106 1
107 1
108 1
109 1
110 1
111 1
112 1
113 1
114 1
115 1
116 1
117 1
118 1
119 1
120 1
121 1
122 1
123 1
124 1
125 1
126 1
127 1
128 2
129 2
130 2
131 2
132 2
133 2
134 2
135 2
136 2
137 2
138 2
139 2
140 2
141 2
142 2
143 2
144 2
145 2
146 2
147 2
148 2
149 2
150 2
151 2
152 2
153 2
154 2
155 2
156 2
157 2
158 2
159 2
160 2
161 2
162 2
163 2
164 2
165 2
166 2
167 2
168 2
169 2
170 2
171 2
172 2
173 2
174 2
175 2
176 2
177 2
178 2
179 2
180 2
181 2
182 2
183 2
184 2
185 2
186 2
187 2
188 2
189 2
190 2
191 2
192 3
193 3
194 3
195 3
196 3
197 3
198 3
199 3
200 3
201 3
202 3
203 3
204 3
205 3
206 3
207 3
208 3
209 3
210 3
211 3
212 3
213 3
214 3
215 3
216 3
217 3
218 3
219 3
220 3
221 3
222 3
223 3
224 3
225 3
226 3
227 3
228 3
229 3
230 3
231 3
232 3
233 3
234 3
235 3
236 3
237 3
238 3
239 3
240 3
241 3
242 3
243 3
244 3
245 3
246 3
247 3
248 3
249 3
250 3
251 3
252 3
253 3
254 3
255 3
256 4
257 4
258 4
259 4
260 4
261 4
262 4
263 4
264 4
265 4
266 4
267 4
268 4
269 4
270 4
271 4
272 4
273 4
274 4
275 4
276 4
277 4
278 4
279 4
280 4
281 4
282 4
283 4
284 4
285 4
286 4
287 4
288 4
289 4
290 4
291 4
292 4
293 4
294 4
295 4
296 4
297 4
298 4
299 4
300 4
301 4
302 4
303 4
304 4
305 4
306 4
307 4
308 4
309 4
310 4
311 4
312 4
313 4
314 4
315 4
316 4
317 4
318 4
319 4
320 5
321 5
322 5
323 5
324 5
325 5
326 5
327 5
328 5
329 5
330 5
331 5
332 5
333 5
334 5
335 5
336 5
337 5
338 5
339 5
340 5
341 5
342 5
343 5
344 5
345 5
346 5
347 5
348 5
349 5
350 5
351 5
352 5
353 5
354 5
355 5
356 5
357 5
358 5
359 5
360 5
361 5
362 5
363 5
364 5
365 5
366 5
367 5
368 5
369 5
370 5
371 5
372 5
373 5
374 5
375 5
376 5
377 5
378 5
379 5
380 5
381 5
382 5
383 5
384 6
385 6
386 6
387 6
388 6
389 6
390 6
391 6
392 6
393 6
394 6
395 6
396 6
397 6
398 6
399 6
400 6
401 6
402 6
403 6
404 6
405 6
406 6
407 6
408 6
409 6
410 6
411 6
412 6
413 6
414 6
415 6
416 6
417 6
418 6
419 6
420 6
421 6
422 6
423 6
424 6
425 6
426 6
427 6
428 6
429 6
430 6
431 6
432 6
433 6
434 6
435 6
436 6
437 6
438 6
439 6
440 6
441 6
442 6
443 6
444 6
445 6
446 6
447 6
448 7
449 7
450 7
451 7
452 7
453 7
454 7
455 7
456 7
457 7
458 7
459 7
460 7
461 7
462 7
463 7
464 7
465 7
466 7
467 7
468 7
469 7
470 7
471 7
472 7
473 7
474 7
475 7
476 7
477 7
478 7
479 7
480 7
481 7
482 7
483 7
484 7
485 7
486 7
487 7
488 7
489 7
490 7
491 7
492 7
493 7
494 7
495 7
496 7
497 7
498 7
499 7
500 7
501 7
502 7
503 7
504 7
505 7
506 7
507 7
508 7
509 7
510 7
511 7
512 8
513 8
514 8
515 8
516 8
517 8
518 8
519 8
520 8
521 8
522 8
523 8
524 8
525 8
526 8
527 8
528 8
529 8
530 8
531 8
532 8
533 8
534 8
535 8
536 8
537 8
538 8
539 8
540 8
541 8
542 8
543 8
544 8
545 8
546 8
547 8
548 8
549 8
550 8
551 8
552 8
553 8
554 8
555 8
556 8
557 8
558 8
559 8
560 8
561 8
562 8
563 8
564 8
565 8
566 8
567 8
568 8
569 8
570 8
571 8
572 8
573 8
574 8
575 8
576 9
577 9
578 9
579 9
580 9
581 9
582 9
583 9
584 9
585 9
586 9
587 9
588 9
589 9
590 9
591 9
592 9
593 9
594 9
595 9
596 9
597 9
598 9
599 9
600 9
601 9
602 9
603 9
604 9
605 9
606 9
607 9
608 9
609 9
610 9
611 9
612 9
613 9
614 9
615 9
616 9
617 9
618 9
619 9
620 9
621 9
622 9
623 9
624 9
625 9
626 9
627 9
628 9
629 9
630 9
631 9
632 9
633 9
634 9
635 9
636 9
637 9
638 9
639 9
640 10
641 10
642 10
643 10
644 10
645 10
646 10
647 10
648 10
649 10
650 10
651 10
652 10
653 10
654 10
655 10
656 10
657 10
658 10
659 10
660 10
661 10
662 10
663 10
664 10
665 10
666 10
667 10
668 10
669 10
670 10
671 10
672 10
673 10
674 10
675 10
676 10
677 10
678 10
679 10
680 10
681 10
682 10
683 10
684 10
685 10
686 10
687 10
688 10
689 10
690 10
691 10
692 10
693 10
694 10
695 10
696 10
697 10
698 10
699 10
700 10
701 10
702 10
703 10
704 11
705 11
706 11
707 11
708 11
709 11
710 11
711 11
712 11
713 11
714 11
715 11
716 11
717 11
718 11
719 11
720 11
721 11
722 11
723 11
724 11
725 11
726 11
727 11
728 11
729 11
730 11
731 11
732 11
733 11
734 11
735 11
736 11
737 11
738 11
739 11
740 11
741 11
742 11
743 11
744 11
745 11
746 11
747 11
748 11
749 11
750 11
751 11
752 11
753 11
754 11
755 11
756 11
757 11
758 11
759 11
760 11
761 11
762 11
763 11
764 11
765 11
766 11
767 11
768 12
769 12
770 12
771 12
772 12
773 12
774 12
775 12
776 12
777 12
778 12
779 12
780 12
781 12
782 12
783 12
784 12
785 12
786 12
787 12
788 12
789 12
790 12
791 12
792 12
793 12
794 12
795 12
796 12
797 12
798 12
799 12
800 12
801 12
802 12
803 12
804 12
805 12
806 12
807 12
808 12
809 12
810 12
811 12
812 12
813 12
814 12
815 12
816 12
817 12
818 12
819 12
820 12
821 12
822 12
823 12
824 12
825 12
826 12
827 12
828 12
829 12
830 12
831 12
832 13
833 13
834 13
835 13
836 13
837 13
838 13
839 13
840 13
841 13
842 13
843 13
844 13
845 13
846 13
847 13
848 13
849 13
850 13
851 13
852 13
853 13
854 13
855 13
856 13
857 13
858 13
859 13
860 13
861 13
862 13
863 13
864 13
865 13
866 13
867 13
868 13
869 13
870 13
871 13
872 13
873 13
874 13
875 13
876 13
877 13
878 13
879 13
880 13
881 13
882 13
883 13
884 13
885 13
886 13
887 13
888 13
889 13
890 13
891 13
892 13
893 13
894 13
895 13
896 14
897 14
898 14
899 14
900 14
901 14
902 14
903 14
904 14
905 14
906 14
907 14
908 14
909 14
910 14
911 14
912 14
913 14
914 14
915 14
916 14
917 14
918 14
919 14
920 14
921 14
922 14
923 14
924 14
925 14
926 14
927 14
928 14
929 14
930 14
931 14
932 14
933 14
934 14
935 14
936 14
937 14
938 14
939 14
940 14
941 14
942 14
943 14
944 14
945 14
946 14
947 14
948 14
949 14
950 14
951 14
952 14
953 14
954 14
955 14
956 14
957 14
958 14
959 14
960 15
961 15
962 15
963 15
964 15
965 15
966 15
967 15
968 15
969 15
970 15
971 15
972 15
973 15
974 15
975 15
976 15
977 15
978 15
979 15
980 15
981 15
982 15
983 15
984 15
985 15
986 15
987 15
988 15
989 15
990 15
991 15
992 15
993 15
994 15
995 15
996 15
997 15
998 15
999 15
1000 15
1001 15
1002 15
1003 15
1004 15
1005 15
1006 15
1007 15
1008 15
1009 15
1010 15
1011 15
1012 15
1013 15
1014 15
1015 15
1016 15
1017 15
1018 15
1019 15
1020 15
1021 15
1022 15
1023 15
1024 16
1025 16
1026 16
1027 16
1028 16
1029 16
1030 16
1031 16
1032 16
1033 16
1034 16
1035 16
1036 16
1037 16
1038 16
1039 16
1040 16
1041 16
1042 16
1043 16
1044 16
1045 16
1046 16
1047 16
1048 16
1049 16
1050 16
1051 16
1052 16
1053 16
1054 16
1055 16
1056 16
1057 16
1058 16
1059 16
1060 16
1061 16
1062 16
1063 16
1064 16
1065 16
1066 16
1067 16
1068 16
1069 16
1070 16
1071 16
1072 16
1073 16
1074 16
1075 16
1076 16
1077 16
1078 16
1079 16
1080 16
1081 16
1082 16
1083 16
1084 16
1085 16
1086 16
1087 16
1088 17
1089 17
1090 17
1091 17
1092 17
1093 17
1094 17
1095 17
1096 17
1097 17
1098 17
1099 17
1100 17
1101 17
1102 17
1103 17
1104 17
1105 17
1106 17
1107 17
1108 17
1109 17
1110 17
1111 17
1112 17
1113 17
1114 17
1115 17
1116 17
1117 17
1118 17
1119 17
1120 17
1121 17
1122 17
1123 17
1124 17
1125 17
1126 17
1127 17
1128 17
1129 17
1130 17
1131 17
1132 17
1133 17
1134 17
1135 17
1136 17
1137 17
1138 17
1139 17
1140 17
1141 17
1142 17
1143 17
1144 17
1145 17
1146 17
1147 17
1148 17
1149 17
1150 17
1151 17
1152 18
1153 18
1154 18
1155 18
1156 18
1157 18
1158 18
1159 18
1160 18
1161 18
1162 18
1163 18
1164 18
1165 18
1166 18
1167 18
1168 18
1169 18
1170 18
1171 18
1172 18
1173 18
1174 18
1175 18
1176 18
1177 18
1178 18
1179 18
1180 18
1181 18
1182 18
1183 18
1184 18
1185 18
1186 18
1187 18
1188 18
1189 18
1190 18
1191 18
1192 18
1193 18
1194 18
1195 18
1196 18
1197 18
1198 18
1199 18
1200 18
1201 18
1202 18
1203 18
1204 18
1205 18
1206 18
1207 18
1208 18
1209 18
1210 18
1211 18
1212 18
1213 18
1214 18
1215 18
1216 19
1217 19
1218 19
1219 19
1220 19
1221 19
1222 19
1223 19
1224 19
1225 19
1226 19
1227 19
1228 19
1229 19
1230 19
1231 19
1232 19
1233 19
1234 19
1235 19
1236 19
1237 19
1238 19
1239 19
1240 19
1241 19
1242 19
1243 19
1244 19
1245 19
1246 19
1247 19
1248 19
1249 19
1250 19
1251 19
1252 19
1253 19
1254 19
1255 19
1256 19
1257 19
1258 19
1259 19
1260 19
1261 19
1262 19
1263 19
1264 19
1265 19
1266 19
1267 19
1268 19
1269 19
1270 19
1271 19
1272 19
1273 19
1274 19
1275 19
1276 19
1277 19
1278 19
1279 19
1280 20
1281 20
1282 20
1283 20
1284 20
1285 20
1286 20
1287 20
1288 20
1289 20
1290 20
1291 20
1292 20
1293 20
1294 20
1295 20
1296 20
1297 20
1298 20
1299 20
1300 20
1301 20
1302 20
1303 20
1304 20
1305 20
1306 20
1307 20
1308 20
1309 20
1310 20
1311 20
1312 20
1313 20
1314 20
1315 20
1316 20
1317 20
1318 20
1319 20
1320 20
1321 20
1322 20
1323 20
1324 20
1325 20
1326 20
1327 20
1328 20
1329 20
1330 20
1331 20
1332 20
1333 20
1334 20
1335 20
1336 20
1337 20
1338 20
1339 20
1340 20
1341 20
1342 20
1343 20
1344 21
1345 21
1346 21
1347 21
1348 21
1349 21
1350 21
1351 21
1352 21
1353 21
1354 21
1355 21
1356 21
1357 21
1358 21
1359 21
1360 21
1361 21
1362 21
1363 21
1364 21
1365 21
1366 21
1367 21
1368 21
1369 21
1370 21
1371 21
1372 21
1373 21
1374 21
1375 21
1376 21
1377 21
1378 21
1379 21
1380 21
1381 21
1382 21
1383 21
1384 21
1385 21
1386 21
1387 21
1388 21
1389 21
1390 21
1391 21
1392 21
1393 21
1394 21
1395 21
1396 21
1397 21
1398 21
1399 21
1400 21
1401 21
1402 21
1403 21
1404 21
1405 21
1406 21
1407 21
1408 22
1409 22
1410 22
1411 22
1412 22
1413 22
1414 22
1415 22
1416 22
1417 22
1418 22
1419 22
1420 22
1421 22
1422 22
1423 22
1424 22
1425 22
1426 22
1427 22
1428 22
1429 22
1430 22
1431 22
1432 22
1433 22
1434 22
1435 22
1436 22
1437 22
1438 22
1439 22
1440 22
1441 22
1442 22
1443 22
1444 22
1445 22
1446 22
1447 22
1448 22
1449 22
1450 22
1451 22
1452 22
1453 22
1454 22
1455 22
1456 22
1457 22
1458 22
1459 22
1460 22
1461 22
1462 22
1463 22
1464 22
1465 22
1466 22
1467 22
1468 22
1469 22
1470 22
1471 22
1472 21
1473 21
1474 21
1475 21
1476 21
1477 21
1478 21
1479 21
1480 21
1481 21
1482 21
1483 21
1484 21
1485 21
1486 21
1487 21
1488 21
1489 21
1490 21
1491 21
1492 21
1493 21
1494 21
1495 21
1496 21
1497 21
1498 21
1499 21
1500 21
1501 21
1502 21
1503 21
1504 21
1505 21
1506 21
1507 21
1508 21
1509 21
1510 21
1511 21
1512 21
1513 21
1514 21
1515 21
1516 21
1517 21
1518 21
1519 21
1520 21
1521 21
1522 21
1523 21
1524 21
1525 21
1526 21
1527 21
1528 21
1529 21
1530 21
1531 21
1532 21
1533 21
1534 21
1535 21
1536 23
1537 23
1538 23
1539 23
1540 23
1541 23
1542 23
1543 23
1544 23
1545 23
1546 23
1547 23
1548 23
1549 23
1550 23
1551 23
1552 23
1553 23
1554 23
1555 23
1556 23
1557 23
1558 23
1559 23
1560 23
1561 23
1562 23
1563 23
1564 23
1565 23
1566 23
1567 23
1568 23
1569 23
1570 23
1571 23
1572 23
1573 23
1574 23
1575 23
1576 23
1577 23
1578 23
1579 23
1580 23
1581 23
1582 23
1583 23
1584 23
1585 23
1586 23
1587 23
1588 23
1589 23
1590 23
1591 23
1592 23
1593 23
1594 23
1595 23
1596 23
1597 23
1598 23
1599 23
1600 24
1601 24
1602 24
1603 24
1604 24
1605 24
1606 24
1607 24
1608 24
1609 24
1610 24
1611 24
1612 24
1613 24
1614 24
1615 24
1616 24
1617 24
1618 24
1619 24
1620 24
1621 24
1622 24
1623 24
1624 24
1625 24
1626 24
1627 24
1628 24
1629 24
1630 24
1631 24
1632 24
1633 24
1634 24
1635 24
1636 24
1637 24
1638 24
1639 24
1640 24
1641 24
1642 24
1643 24
1644 24
1645 24
1646 24
1647 24
1648 24
1649 24
1650 24
1651 24
1652 24
1653 24
1654 24
1655 24
1656 24
1657 24
1658 24
1659 24
1660 24
1661 24
1662 24
1663 24
1664 21
1665 21
1666 21
1667 21
1668 21
1669 21
1670 21
1671 21
1672 21
1673 21
1674 21
1675 21
1676 21
1677 21
1678 21
1679 21
1680 21
1681 21
1682 21
1683 21
1684 21
1685 21
1686 21
1687 21
1688 21
1689 21
1690 21
1691 21
1692 21
1693 21
1694 21
1695 21
1696 21
1697 21
1698 21
1699 21
1700 21
1701 21
1702 21
1703 21
1704 21
1705 21
1706 21
1707 21
1708 21
1709 21
1710 21
1711 21
1712 21
1713 21
1714 21
1715 21
1716 21
1717 21
1718 21
1719 21
1720 21
1721 21
1722 21
1723 21
1724 21
1725 21
1726 21
1727 21
1728 25
1729 25
1730 25
1731 25
1732 25
1733 25
1734 25
1735 25
1736 25
1737 25
1738 25
1739 25
1740 25
1741 25
1742 25
1743 25
1744 25
1745 25
1746 25
1747 25
1748 25
1749 25
1750 25
1751 25
1752 25
1753 25
1754 25
1755 25
1756 25
1757 25
1758 25
1759 25
1760 25
1761 25
1762 25
1763 25
1764 25
1765 25
1766 25
1767 25
1768 25
1769 25
1770 25
1771 25
1772 25
1773 25
1774 25
1775 25
1776 25
1777 25
1778 25
1779 25
1780 25
1781 25
1782 25
1783 25
1784 25
1785 25
1786 25
1787 25
1788 25
1789 25
1790 25
1791 25
1792 26
1793 26
1794 26
1795 26
1796 26
1797 26
1798 26
1799 26
1800 26
1801 26
1802 26
1803 26
1804 26
1805 26
1806 26
1807 26
1808 26
1809 26
1810 26
1811 26
1812 26
1813 26
1814 26
1815 26
1816 26
1817 26
1818 26
1819 26
1820 26
1821 26
1822 26
1823 26
1824 26
1825 26
1826 26
1827 26
1828 26
1829 26
1830 26
1831 26
1832 26
1833 26
1834 26
1835 26
1836 26
1837 26
1838 26
1839 26
1840 26
1841 26
1842 26
1843 26
1844 26
1845 26
1846 26
1847 26
1848 26
1849 26
1850 26
1851 26
1852 26
1853 26
1854 26
1855 26
1856 27
1857 27
1858 27
1859 27
1860 27
1861 27
1862 27
1863 27
1864 27
1865 27
1866 27
1867 27
1868 27
1869 27
1870 27
1871 27
1872 27
1873 27
1874 27
1875 27
1876 27
1877 27
1878 27
1879 27
1880 27
1881 27
1882 27
1883 27
1884 27
1885 27
1886 27
1887 27
1888 27
1889 27
1890 27
1891 27
1892 27
1893 27
1894 27
1895 27
1896 27
1897 27
1898 27
1899 27
1900 27
1901 27
1902 27
1903 27
1904 27
1905 27
1906 27
1907 27
1908 27
1909 27
1910 27
1911 27
1912 27
1913 27
1914 27
1915 27
1916 27
1917 27
1918 27
1919 27
1920 28
1921 28
1922 28
1923 28
1924 28
1925 28
1926 28
1927 28
1928 28
1929 28
1930 28
1931 28
1932 28
1933 28
1934 28
1935 28
1936 28
1937 28
1938 28
1939 28
1940 28
1941 28
1942 28
1943 28
1944 28
1945 28
1946 28
1947 28
1948 28
1949 28
1950 28
1951 28
1952 28
1953 28
1954 28
1955 28
1956 28
1957 28
1958 28
1959 28
1960 28
1961 28
1962 28
1963 28
1964 28
1965 28
1966 28
1967 28
1968 28
1969 28
1970 28
1971 28
1972 28
1973 28
1974 28
1975 28
1976 28
1977 28
1978 28
1979 28
1980 28
1981 28
1982 28
1983 28
1984 29
1985 29
1986 29
1987 29
1988 29
1989 29
1990 29
1991 29
1992 29
1993 29
1994 29
1995 29
1996 29
1997 29
1998 29
1999 29
2000 29
2001 29
2002 29
2003 29
2004 29
2005 29
2006 29
2007 29
2008 29
2009 29
2010 29
2011 29
2012 29
2013 29
2014 29
2015 29
2016 29
2017 29
2018 29
2019 29
2020 29
2021 29
2022 29
2023 29
2024 29
2025 29
2026 29
2027 29
2028 29
2029 29
2030 29
2031 29
2032 29
2033 29
2034 29
2035 29
2036 29
2037 29
2038 29
2039 29
2040 29
2041 29
2042 29
2043 29
2044 29
2045 29
2046 29
2047 29
2048 30
2049 30
2050 30
2051 30
2052 30
2053 30
2054 30
2055 30
2056 30
2057 30
2058 30
2059 30
2060 30
2061 30
2062 30
2063 30
2064 30
2065 30
2066 30
2067 30
2068 30
2069 30
2070 30
2071 30
2072 30
2073 30
2074 30
2075 30
2076 30
2077 30
2078 30
2079 30
2080 30
2081 30
2082 30
2083 30
2084 30
2085 30
2086 30
2087 30
2088 30
2089 30
2090 30
2091 30
2092 30
2093 30
2094 30
2095 30
2096 30
2097 30
2098 30
2099 30
2100 30
2101 30
2102 30
2103 30
2104 30
2105 30
2106 30
2107 30
2108 30
2109 30
2110 30
2111 30
2112 31
2113 31
2114 31
2115 31
2116 31
2117 31
2118 31
2119 31
2120 31
2121 31
2122 31
2123 31
2124 31
2125 31
2126 31
2127 31
2128 31
2129 31
2130 31
2131 31
2132 31
2133 31
2134 31
2135 31
2136 31
2137 31
2138 31
2139 31
2140 31
2141 31
2142 31
2143 31
2144 31
2145 31
2146 31
2147 31
2148 31
2149 31
2150 31
2151 31
2152 31
2153 31
2154 31
2155 31
2156 31
2157 31
2158 31
2159 31
2160 31
2161 31
2162 31
2163 31
2164 31
2165 31
2166 31
2167 31
2168 31
2169 31
2170 31
2171 31
2172 31
2173 31
2174 31
2175 31
2176 29
2177 29
2178 29
2179 29
2180 29
2181 29
2182 29
2183 29
2184 29
2185 29
2186 29
2187 29
2188 29
2189 29
2190 29
2191 29
2192 29
2193 29
2194 29
2195 29
2196 29
2197 29
2198 29
2199 29
2200 29
2201 29
2202 29
2203 29
2204 29
2205 29
2206 29
2207 29
2208 29
2209 29
2210 29
2211 29
2212 29
2213 29
2214 29
2215 29
2216 29
2217 29
2218 29
2219 29
2220 29
2221 29
2222 29
2223 29
2224 29
2225 29
2226 29
2227 29
2228 29
2229 29
2230 29
2231 29
2232 29
2233 29
2234 29
2235 29
2236 29
2237 29
2238 29
2239 29
2240 32
2241 32
2242 32
2243 32
2244 32
2245 32
2246 32
2247 32
2248 32
2249 32
2250 32
2251 32
2252 32
2253 32
2254 32
2255 32
2256 32
2257 32
2258 32
2259 32
2260 32
2261 32
2262 32
2263 32
2264 32
2265 32
2266 32
2267 32
2268 32
2269 32
2270 32
2271 32
2272 32
2273 32
2274 32
2275 32
2276 32
2277 32
2278 32
2279 32
2280 32
2281 32
2282 32
2283 32
2284 32
2285 32
2286 32
2287 32
2288 32
2289 32
2290 32
2291 32
2292 32
2293 32
2294 32
2295 32
2296 32
2297 32
2298 32
2299 32
2300 32
2301 32
2302 32
2303 32
2304 29
2305 29
2306 29
2307 29
2308 29
2309 29
2310 29
2311 29
2312 29
2313 29
2314 29
2315 29
2316 29
2317 29
2318 29
2319 29
2320 29
2321 29
2322 29
2323 29
2324 29
2325 29
2326 29
2327 29
2328 29
2329 29
2330 29
2331 29
2332 29
2333 29
2334 29
2335 29
2336 29
2337 29
2338 29
2339 29
2340 29
2341 29
2342 29
2343 29
2344 29
2345 29
2346 29
2347 29
2348 29
2349 29
2350 29
2351 29
2352 29
2353 29
2354 29
2355 29
2356 29
2357 29
2358 29
2359 29
2360 29
2361 29
2362 29
2363 29
2364 29
2365 29
2366 29
2367 29
2368 33
2369 33
2370 33
2371 33
2372 33
2373 33
2374 33
2375 33
2376 33
2377 33
2378 33
2379 33
2380 33
2381 33
2382 33
2383 33
2384 33
2385 33
2386 33
2387 33
2388 33
2389 33
2390 33
2391 33
2392 33
2393 33
2394 33
2395 33
2396 33
2397 33
2398 33
2399 33
2400 33
2401 33
2402 33
2403 33
2404 33
2405 33
2406 33
2407 33
2408 33
2409 33
2410 33
2411 33
2412 33
2413 33
2414 33
2415 33
2416 33
2417 33
2418 33
2419 33
2420 33
2421 33
2422 33
2423 33
2424 33
2425 33
2426 33
2427 33
2428 33
2429 33
2430 33
2431 33
2432 34
2433 34
2434 34
2435 34
2436 34
2437 34
2438 34
2439 34
2440 34
2441 34
2442 34
2443 34
2444 34
2445 34
2446 34
2447 34
2448 34
2449 34
2450 34
2451 34
2452 34
2453 34
2454 34
2455 34
2456 34
2457 34
2458 34
2459 34
2460 34
2461 34
2462 34
2463 34
2464 34
2465 34
2466 34
2467 34
2468 34
2469 34
2470 34
2471 34
2472 34
2473 34
2474 34
2475 34
2476 34
2477 34
2478 34
2479 34
2480 34
2481 34
2482 34
2483 34
2484 34
2485 34
2486 34
2487 34
2488 34
2489 34
2490 34
2491 34
2492 34
2493 34
2494 34
2495 34
2496 35
2497 35
2498 35
2499 35
2500 35
2501 35
2502 35
2503 35
2504 35
2505 35
2506 35
2507 35
2508 35
2509 35
2510 35
2511 35
2512 35
2513 35
2514 35
2515 35
2516 35
2517 35
2518 35
2519 35
2520 35
2521 35
2522 35
2523 35
2524 35
2525 35
2526 35
2527 35
2528 35
2529 35
2530 35
2531 35
2532 35
2533 35
2534 35
2535 35
2536 35
2537 35
2538 35
2539 35
2540 35
2541 35
2542 35
2543 35
2544 35
2545 35
2546 35
2547 35
2548 35
2549 35
2550 35
2551 35
2552 35
2553 35
2554 35
2555 35
2556 35
2557 35
2558 35
2559 35
2560 36
2561 36
2562 36
2563 36
2564 36
2565 36
2566 36
2567 36
2568 36
2569 36
2570 36
2571 36
2572 36
2573 36
2574 36
2575 36
2576 36
2577 36
2578 36
2579 36
2580 36
2581 36
2582 36
2583 36
2584 36
2585 36
2586 36
2587 36
2588 36
2589 36
2590 36
2591 36
2592 36
2593 36
2594 36
2595 36
2596 36
2597 36
2598 36
2599 36
2600 36
2601 36
2602 36
2603 36
2604 36
2605 36
2606 36
2607 36
2608 36
2609 36
2610 36
2611 36
2612 36
2613 36
2614 36
2615 36
2616 36
2617 36
2618 36
2619 36
2620 36
2621 36
2622 36
2623 36
2624 37
2625 37
2626 37
2627 37
2628 37
2629 37
2630 37
2631 37
2632 37
2633 37
2634 37
2635 37
2636 37
2637 37
2638 37
2639 37
2640 37
2641 37
2642 37
2643 37
2644 37
2645 37
2646 37
2647 37
2648 37
2649 37
2650 37
2651 37
2652 37
2653 37
2654 37
2655 37
2656 37
2657 37
2658 37
2659 37
2660 37
2661 37
2662 37
2663 37
2664 37
2665 37
2666 37
2667 37
2668 37
2669 37
2670 37
2671 37
2672 37
2673 37
2674 37
2675 37
2676 37
2677 37
2678 37
2679 37
2680 37
2681 37
2682 37
2683 37
2684 37
2685 37
2686 37
2687 37
2688 38
2689 38
2690 38
2691 38
2692 38
2693 38
2694 38
2695 38
2696 38
2697 38
2698 38
2699 38
2700 38
2701 38
2702 38
2703 38
2704 38
2705 38
2706 38
2707 38
2708 38
2709 38
2710 38
2711 38
2712 38
2713 38
2714 38
2715 38
2716 38
2717 38
2718 38
2719 38
2720 38
2721 38
2722 38
2723 38
2724 38
2725 38
2726 38
2727 38
2728 38
2729 38
2730 38
2731 38
2732 38
2733 38
2734 38
2735 38
2736 38
2737 38
2738 38
2739 38
2740 38
2741 38
2742 38
2743 38
2744 38
2745 38
2746 38
2747 38
2748 38
2749 38
2750 38
2751 38
2752 39
2753 39
2754 39
2755 39
2756 39
2757 39
2758 39
2759 39
2760 39
2761 39
2762 39
2763 39
2764 39
2765 39
2766 39
2767 39
2768 39
2769 39
2770 39
2771 39
2772 39
2773 39
2774 39
2775 39
2776 39
2777 39
2778 39
2779 39
2780 39
2781 39
2782 39
2783 39
2784 39
2785 39
2786 39
2787 39
2788 39
2789 39
2790 39
2791 39
2792 39
2793 39
2794 39
2795 39
2796 39
2797 39
2798 39
2799 39
2800 39
2801 39
2802 39
2803 39
2804 39
2805 39
2806 39
2807 39
2808 39
2809 39
2810 39
2811 39
2812 39
2813 39
2814 39
2815 39
2816 40
2817 40
2818 40
2819 40
2820 40
2821 40
2822 40
2823 40
2824 40
2825 40
2826 40
2827 40
2828 40
2829 40
2830 40
2831 40
2832 40
2833 40
2834 40
2835 40
2836 40
2837 40
2838 40
2839 40
2840 40
2841 40
2842 40
2843 40
2844 40
2845 40
2846 40
2847 40
2848 40
2849 40
2850 40
2851 40
2852 40
2853 40
2854 40
2855 40
2856 40
2857 40
2858 40
2859 40
2860 40
2861 40
2862 40
2863 40
2864 40
2865 40
2866 40
2867 40
2868 40
2869 40
2870 40
2871 40
2872 40
2873 40
2874 40
2875 40
2876 40
2877 40
2878 40
2879 40
2880 41
2881 41
2882 41
2883 41
2884 41
2885 41
2886 41
2887 41
2888 41
2889 41
2890 41
2891 41
2892 41
2893 41
2894 41
2895 41
2896 41
2897 41
2898 41
2899 41
2900 41
2901 41
2902 41
2903 41
2904 41
2905 41
2906 41
2907 41
2908 41
2909 41
2910 41
2911 41
2912 41
2913 41
2914 41
2915 41
2916 41
2917 41
2918 41
2919 41
2920 41
2921 41
2922 41
2923 41
2924 41
2925 41
2926 41
2927 41
2928 41
2929 41
2930 41
2931 41
2932 41
2933 41
2934 41
2935 41
2936 41
2937 41
2938 41
2939 41
2940 41
2941 41
2942 41
2943 41
2944 42
2945 42
2946 42
2947 42
2948 42
2949 42
2950 42
2951 42
2952 42
2953 42
2954 42
2955 42
2956 42
2957 42
2958 42
2959 42
2960 42
2961 42
2962 42
2963 42
2964 42
2965 42
2966 42
2967 42
2968 42
2969 42
2970 42
2971 42
2972 42
2973 42
2974 42
2975 42
2976 42
2977 42
2978 42
2979 42
2980 42
2981 42
2982 42
2983 42
2984 42
2985 42
2986 42
2987 42
2988 42
2989 42
2990 42
2991 42
2992 42
2993 42
2994 42
2995 42
2996 42
2997 42
2998 42
2999 42
3000 42
3001 42
3002 42
3003 42
3004 42
3005 42
3006 42
3007 42
3008 43
3009 43
3010 43
3011 43
3012 43
3013 43
3014 43
3015 43
3016 43
3017 43
3018 43
3019 43
3020 43
3021 43
3022 43
3023 43
3024 43
3025 43
3026 43
3027 43
3028 43
3029 43
3030 43
3031 43
3032 43
3033 43
3034 43
3035 43
3036 43
3037 43
3038 43
3039 43
3040 43
3041 43
3042 43
3043 43
3044 43
3045 43
3046 43
3047 43
3048 43
3049 43
3050 43
3051 43
3052 43
3053 43
3054 43
3055 43
3056 43
3057 43
3058 43
3059 43
3060 43
3061 43
3062 43
3063 43
3064 43
3065 43
3066 43
3067 43
3068 43
3069 43
3070 43
3071 43
3072 44
3073 44
3074 44
3075 44
3076 44
3077 44
3078 44
3079 44
3080 44
3081 44
3082 44
3083 44
3084 44
3085 44
3086 44
3087 44
3088 44
3089 44
3090 44
3091 44
3092 44
3093 44
3094 44
3095 44
3096 44
3097 44
3098 44
3099 44
3100 44
3101 44
3102 44
3103 44
3104 44
3105 44
3106 44
3107 44
3108 44
3109 44
3110 44
3111 44
3112 44
3113 44
3114 44
3115 44
3116 44
3117 44
3118 44
3119 44
3120 44
3121 44
3122 44
3123 44
3124 44
3125 44
3126 44
3127 44
3128 44
3129 44
3130 44
3131 44
3132 44
3133 44
3134 44
3135 44
3136 45
3137 45
3138 45
3139 45
3140 45
3141 45
3142 45
3143 45
3144 45
3145 45
3146 45
3147 45
3148 45
3149 45
3150 45
3151 45
3152 45
3153 45
3154 45
3155 45
3156 45
3157 45
3158 45
3159 45
3160 45
3161 45
3162 45
3163 45
3164 45
3165 45
3166 45
3167 45
3168 45
3169 45
3170 45
3171 45
3172 45
3173 45
3174 45
3175 45
3176 45
3177 45
3178 45
3179 45
3180 45
3181 45
3182 45
3183 45
3184 45
3185 45
3186 45
3187 45
3188 45
3189 45
3190 45
3191 45
3192 45
3193 45
3194 45
3195 45
3196 45
3197 45
3198 45
3199 45
3200 46
3201 46
3202 46
3203 46
3204 46
3205 46
3206 46
3207 46
3208 46
3209 46
3210 46
3211 46
3212 46
3213 46
3214 46
3215 46
3216 46
3217 46
3218 46
3219 46
3220 46
3221 46
3222 46
3223 46
3224 46
3225 46
3226 46
3227 46
3228 46
3229 46
3230 46
3231 46
3232 46
3233 46
3234 46
3235 46
3236 46
3237 46
3238 46
3239 46
3240 46
3241 46
3242 46
3243 46
3244 46
3245 46
3246 46
3247 46
3248 46
3249 46
3250 46
3251 46
3252 46
3253 46
3254 46
3255 46
3256 46
3257 46
3258 46
3259 46
3260 46
3261 46
3262 46
3263 46
3264 29
3265 29
3266 29
3267 29
3268 29
3269 29
3270 29
3271 29
3272 29
3273 29
3274 29
3275 29
3276 29
3277 29
3278 29
3279 29
3280 29
3281 29
3282 29
3283 29
3284 29
3285 29
3286 29
3287 29
3288 29
3289 29
3290 29
3291 29
3292 29
3293 29
3294 29
3295 29
3296 29
3297 29
3298 29
3299 29
3300 29
3301 29
3302 29
3303 29
3304 29
3305 29
3306 29
3307 29
3308 29
3309 29
3310 29
3311 29
3312 29
3313 29
3314 29
3315 29
3316 29
3317 29
3318 29
3319 29
3320 29
3321 29
3322 29
3323 29
3324 29
3325 29
3326 29
3327 29
3328 47
3329 47
3330 47
3331 47
3332 47
3333 47
3334 47
3335 47
3336 47
3337 47
3338 47
3339 47
3340 47
3341 47
3342 47
3343 47
3344 47
3345 47
3346 47
3347 47
3348 47
3349 47
3350 47
3351 47
3352 47
3353 47
3354 47
3355 47
3356 47
3357 47
3358 47
3359 47
3360 47
3361 47
3362 47
3363 47
3364 47
3365 47
3366 47
3367 47
3368 47
3369 47
3370 47
3371 47
3372 47
3373 47
3374 47
3375 47
3376 47
3377 47
3378 47
3379 47
3380 47
3381 47
3382 47
3383 47
3384 47
3385 47
3386 47
3387 47
3388 47
3389 47
3390 47
3391 47
3392 21
3393 21
3394 21
3395 21
3396 21
3397 21
3398 21
3399 21
3400 21
3401 21
3402 21
3403 21
3404 21
3405 21
3406 21
3407 21
3408 21
3409 21
3410 21
3411 21
3412 21
3413 21
3414 21
3415 21
3416 21
3417 21
3418 21
3419 21
3420 21
3421 21
3422 21
3423 21
3424 21
3425 21
3426 21
3427 21
3428 21
3429 21
3430 21
3431 21
3432 21
3433 21
3434 21
3435 21
3436 21
3437 21
3438 21
3439 21
3440 21
3441 21
3442 21
3443 21
3444 21
3445 21
3446 21
3447 21
3448 21
3449 21
3450 21
3451 21
3452 21
3453 21
3454 21
3455 21
3456 48
3457 48
3458 48
3459 48
3460 48
3461 48
3462 48
3463 48
3464 48
3465 48
3466 48
3467 48
3468 48
3469 48
3470 48
3471 48
3472 48
3473 48
3474 48
3475 48
3476 48
3477 48
3478 48
3479 48
3480 48
3481 48
3482 48
3483 48
3484 48
3485 48
3486 48
3487 48
3488 48
3489 48
3490 48
3491 48
3492 48
3493 48
3494 48
3495 48
3496 48
3497 48
3498 48
3499 48
3500 48
3501 48
3502 48
3503 48
3504 48
3505 48
3506 48
3507 48
3508 48
3509 48
3510 48
3511 48
3512 48
3513 48
3514 48
3515 48
3516 48
3517 48
3518 48
3519 48
3520 49
3521 49
3522 49
3523 49
3524 49
3525 49
3526 49
3527 49
3528 49
3529 49
3530 49
3531 49
3532 49
3533 49
3534 49
3535 49
3536 49
3537 49
3538 49
3539 49
3540 49
3541 49
3542 49
3543 49
3544 49
3545 49
3546 49
3547 49
3548 49
3549 49
3550 49
3551 49
3552 49
3553 49
3554 49
3555 49
3556 49
3557 49
3558 49
3559 49
3560 49
3561 49
3562 49
3563 49
3564 49
3565 49
3566 49
3567 49
3568 49
3569 49
3570 49
3571 49
3572 49
3573 49
3574 49
3575 49
3576 49
3577 49
3578 49
3579 49
3580 49
3581 49
3582 49
3583 49
3584 50
3585 50
3586 50
3587 50
3588 50
3589 50
3590 50
3591 50
3592 50
3593 50
3594 50
3595 50
3596 50
3597 50
3598 50
3599 50
3600 50
3601 50
3602 50
3603 50
3604 50
3605 50
3606 50
3607 50
3608 50
3609 50
3610 50
3611 50
3612 50
3613 50
3614 50
3615 50
3616 50
3617 50
3618 50
3619 50
3620 50
3621 50
3622 50
3623 50
3624 50
3625 50
3626 50
3627 50
3628 50
3629 50
3630 50
3631 50
3632 50
3633 50
3634 50
3635 50
3636 50
3637 50
3638 50
3639 50
3640 50
3641 50
3642 50
3643 50
3644 50
3645 50
3646 50
3647 50
3648 51
3649 51
3650 51
3651 51
3652 51
3653 51
3654 51
3655 51
3656 51
3657 51
3658 51
3659 51
3660 51
3661 51
3662 51
3663 51
3664 51
3665 51
3666 51
3667 51
3668 51
3669 51
3670 51
3671 51
3672 51
3673 51
3674 51
3675 51
3676 51
3677 51
3678 51
3679 51
3680 51
3681 51
3682 51
3683 51
3684 51
3685 51
3686 51
3687 51
3688 51
3689 51
3690 51
3691 51
3692 51
3693 51
3694 51
3695 51
3696 51
3697 51
3698 51
3699 51
3700 51
3701 51
3702 51
3703 51
3704 51
3705 51
3706 51
3707 51
3708 51
3709 51
3710 51
3711 51
3712 52
3713 52
3714 52
3715 52
3716 52
3717 52
3718 52
3719 52
3720 52
3721 52
3722 52
3723 52
3724 52
3725 52
3726 52
3727 52
3728 52
3729 52
3730 52
3731 52
3732 52
3733 52
3734 52
3735 52
3736 52
3737 52
3738 52
3739 52
3740 52
3741 52
3742 52
3743 52
3744 52
3745 52
3746 52
3747 52
3748 52
3749 52
3750 52
3751 52
3752 52
3753 52
3754 52
3755 52
3756 52
3757 52
3758 52
3759 52
3760 52
3761 52
3762 52
3763 52
3764 52
3765 52
3766 52
3767 52
3768 52
3769 52
3770 52
3771 52
3772 52
3773 52
3774 52
3775 52
3776 53
3777 53
3778 53
3779 53
3780 53
3781 53
3782 53
3783 53
3784 53
3785 53
3786 53
3787 53
3788 53
3789 53
3790 53
3791 53
3792 53
3793 53
3794 53
3795 53
3796 53
3797 53
3798 53
3799 53
3800 53
3801 53
3802 53
3803 53
3804 53
3805 53
3806 53
3807 53
3808 53
3809 53
3810 53
3811 53
3812 53
3813 53
3814 53
3815 53
3816 53
3817 53
3818 53
3819 53
3820 53
3821 53
3822 53
3823 53
3824 53
3825 53
3826 53
3827 53
3828 53
3829 53
3830 53
3831 53
3832 53
3833 53
3834 53
3835 53
3836 53
3837 53
3838 53
3839 53
3840 21
3841 21
3842 21
3843 21
3844 21
3845 21
3846 21
3847 21
3848 21
3849 21
3850 21
3851 21
3852 21
3853 21
3854 21
3855 21
3856 21
3857 21
3858 21
3859 21
3860 21
3861 21
3862 21
3863 21
3864 21
3865 21
3866 21
3867 21
3868 21
3869 21
3870 21
3871 21
3872 21
3873 21
3874 21
3875 21
3876 21
3877 21
3878 21
3879 21
3880 21
3881 21
3882 21
3883 21
3884 21
3885 21
3886 21
3887 21
3888 21
3889 21
3890 21
3891 21
3892 21
3893 21
3894 21
3895 21
3896 21
3897 21
3898 21
3899 21
3900 21
3901 21
3902 21
3903 21
3904 54
3905 54
3906 54
3907 54
3908 54
3909 54
3910 54
3911 54
3912 54
3913 54
3914 54
3915 54
3916 54
3917 54
3918 54
3919 54
3920 54
3921 54
3922 54
3923 54
3924 54
3925 54
3926 54
3927 54
3928 54
3929 54
3930 54
3931 54
3932 54
3933 54
3934 54
3935 54
3936 54
3937 54
3938 54
3939 54
3940 54
3941 54
3942 54
3943 54
3944 54
3945 54
3946 54
3947 54
3948 54
3949 54
3950 54
3951 54
3952 54
3953 54
3954 54
3955 54
3956 54
3957 54
3958 54
3959 54
3960 54
3961 54
3962 54
3963 54
3964 54
3965 54
3966 54
3967 54
3968 55
3969 55
3970 55
3971 55
3972 55
3973 55
3974 55
3975 55
3976 55
3977 55
3978 55
3979 55
3980 55
3981 55
3982 55
3983 55
3984 55
3985 55
3986 55
3987 55
3988 55
3989 55
3990 55
3991 55
3992 55
3993 55
3994 55
3995 55
3996 55
3997 55
3998 55
3999 55
4000 55
4001 55
4002 55
4003 55
4004 55
4005 55
4006 55
4007 55
4008 55
4009 55
4010 55
4011 55
4012 55
4013 55
4014 55
4015 55
4016 55
4017 55
4018 55
4019 55
4020 55
4021 55
4022 55
4023 55
4024 55
4025 55
4026 55
4027 55
4028 55
4029 55
4030 55
4031 55
4032 21
4033 21
4034 21
4035 21
4036 21
4037 21
4038 21
4039 21
4040 21
4041 21
4042 21
4043 21
4044 21
4045 21
4046 21
4047 21
4048 21
4049 21
4050 21
4051 21
4052 21
4053 21
4054 21
4055 21
4056 21
4057 21
4058 21
4059 21
4060 21
4061 21
4062 21
4063 21
4064 21
4065 21
4066 21
4067 21
4068 21
4069 21
4070 21
4071 21
4072 21
4073 21
4074 21
4075 21
4076 21
4077 21
4078 21
4079 21
4080 21
4081 21
4082 21
4083 21
4084 21
4085 21
4086 21
4087 21
4088 21
4089 21
4090 21
4091 21
4092 21
4093 21
4094 21
4095 21
4096 56
4097 56
4098 56
4099 56
4100 56
4101 56
4102 56
4103 56
4104 56
4105 56
4106 56
4107 56
4108 56
4109 56
4110 56
4111 56
4112 56
4113 56
4114 56
4115 56
4116 56
4117 56
4118 56
4119 56
4120 56
4121 56
4122 56
4123 56
4124 56
4125 56
4126 56
4127 56
4128 56
4129 56
4130 56
4131 56
4132 56
4133 56
4134 56
4135 56
4136 56
4137 56
4138 56
4139 56
4140 56
4141 56
4142 56
4143 56
4144 56
4145 56
4146 56
4147 56
4148 56
4149 56
4150 56
4151 56
4152 56
4153 56
4154 56
4155 56
4156 56
4157 56
4158 56
4159 56
4160 29
4161 29
4162 29
4163 29
4164 29
4165 29
4166 29
4167 29
4168 29
4169 29
4170 29
4171 29
4172 29
4173 29
4174 29
4175 29
4176 29
4177 29
4178 29
4179 29
4180 29
4181 29
4182 29
4183 29
4184 29
4185 29
4186 29
4187 29
4188 29
4189 29
4190 29
4191 29
4192 29
4193 29
4194 29
4195 29
4196 29
4197 29
4198 29
4199 29
4200 29
4201 29
4202 29
4203 29
4204 29
4205 29
4206 29
4207 29
4208 29
4209 29
4210 29
4211 29
4212 29
4213 29
4214 29
4215 29
4216 29
4217 29
4218 29
4219 29
4220 29
4221 29
4222 29
4223 29
4224 57
4225 57
4226 57
4227 57
4228 57
4229 57
4230 57
4231 57
4232 57
4233 57
4234 57
4235 57
4236 57
4237 57
4238 57
4239 57
4240 57
4241 57
4242 57
4243 57
4244 57
4245 57
4246 57
4247 57
4248 57
4249 57
4250 57
4251 57
4252 57
4253 57
4254 57
4255 57
4256 57
4257 57
4258 57
4259 57
4260 57
4261 57
4262 57
4263 57
4264 57
4265 57
4266 57
4267 57
4268 57
4269 57
4270 57
4271 57
4272 57
4273 57
4274 57
4275 57
4276 57
4277 57
4278 57
4279 57
4280 57
4281 57
4282 57
4283 57
4284 57
4285 57
4286 57
4287 57
4288 58
4289 58
4290 58
4291 58
4292 58
4293 58
4294 58
4295 58
4296 58
4297 58
4298 58
4299 58
4300 58
4301 58
4302 58
4303 58
4304 58
4305 58
4306 58
4307 58
4308 58
4309 58
4310 58
4311 58
4312 58
4313 58
4314 58
4315 58
4316 58
4317 58
4318 58
4319 58
4320 58
4321 58
4322 58
4323 58
4324 58
4325 58
4326 58
4327 58
4328 58
4329 58
4330 58
4331 58
4332 58
4333 58
4334 58
4335 58
4336 58
4337 58
4338 58
4339 58
4340 58
4341 58
4342 58
4343 58
4344 58
4345 58
4346 58
4347 58
4348 58
4349 58
4350 58
4351 58
4352 59
4353 59
4354 59
4355 59
4356 59
4357 59
4358 59
4359 59
4360 59
4361 59
4362 59
4363 59
4364 59
4365 59
4366 59
4367 59
4368 59
4369 59
4370 59
4371 59
4372 59
4373 59
4374 59
4375 59
4376 59
4377 59
4378 59
4379 59
4380 59
4381 59
4382 59
4383 59
4384 59
4385 59
4386 59
4387 59
4388 59
4389 59
4390 59
4391 59
4392 59
4393 59
4394 59
4395 59
4396 59
4397 59
4398 59
4399 59
4400 59
4401 59
4402 59
4403 59
4404 59
4405 59
4406 59
4407 59
4408 59
4409 59
4410 59
4411 59
4412 59
4413 59
4414 59
4415 59
4416 21
4417 21
4418 21
4419 21
4420 21
4421 21
4422 21
4423 21
4424 21
4425 21
4426 21
4427 21
4428 21
4429 21
4430 21
4431 21
4432 21
4433 21
4434 21
4435 21
4436 21
4437 21
4438 21
4439 21
4440 21
4441 21
4442 21
4443 21
4444 21
4445 21
4446 21
4447 21
4448 21
4449 21
4450 21
4451 21
4452 21
4453 21
4454 21
4455 21
4456 21
4457 21
4458 21
4459 21
4460 21
4461 21
4462 21
4463 21
4464 21
4465 21
4466 21
4467 21
4468 21
4469 21
4470 21
4471 21
4472 21
4473 21
4474 21
4475 21
4476 21
4477 21
4478 21
4479 21
4480 60
4481 60
4482 60
4483 60
4484 60
4485 60
4486 60
4487 60
4488 60
4489 60
4490 60
4491 60
4492 60
4493 60
4494 60
4495 60
4496 60
4497 60
4498 60
4499 60
4500 60
4501 60
4502 60
4503 60
4504 60
4505 60
4506 60
4507 60
4508 60
4509 60
4510 60
4511 60
4512 60
4513 60
4514 60
4515 60
4516 60
4517 60
4518 60
4519 60
4520 60
4521 60
4522 60
4523 60
4524 60
4525 60
4526 60
4527 60
4528 60
4529 60
4530 60
4531 60
4532 60
4533 60
4534 60
4535 60
4536 60
4537 60
4538 60
4539 60
4540 60
4541 60
4542 60
4543 60
4544 61
4545 61
4546 61
4547 61
4548 61
4549 61
4550 61
4551 61
4552 61
4553 61
4554 61
4555 61
4556 61
4557 61
4558 61
4559 61
4560 61
4561 61
4562 61
4563 61
4564 61
4565 61
4566 61
4567 61
4568 61
4569 61
4570 61
4571 61
4572 61
4573 61
4574 61
4575 61
4576 61
4577 61
4578 61
4579 61
4580 61
4581 61
4582 61
4583 61
4584 61
4585 61
4586 61
4587 61
4588 61
4589 61
4590 61
4591 61
4592 61
4593 61
4594 61
4595 61
4596 61
4597 61
4598 61
4599 61
4600 61
4601 61
4602 61
4603 61
4604 61
4605 61
4606 61
4607 61
4608 62
4609 62
4610 62
4611 62
4612 62
4613 62
4614 62
4615 62
4616 62
4617 62
4618 62
4619 62
4620 62
4621 62
4622 62
4623 62
4624 62
4625 62
4626 62
4627 62
4628 62
4629 62
4630 62
4631 62
4632 62
4633 62
4634 62
4635 62
4636 62
4637 62
4638 62
4639 62
4640 62
4641 62
4642 62
4643 62
4644 62
4645 62
4646 62
4647 62
4648 62
4649 62
4650 62
4651 62
4652 62
4653 62
4654 62
4655 62
4656 62
4657 62
4658 62
4659 62
4660 62
4661 62
4662 62
4663 62
4664 62
4665 62
4666 62
4667 62
4668 62
4669 62
4670 62
4671 62
4672 63
4673 63
4674 63
4675 63
4676 63
4677 63
4678 63
4679 63
4680 63
4681 63
4682 63
4683 63
4684 63
4685 63
4686 63
4687 63
4688 63
4689 63
4690 63
4691 63
4692 63
4693 63
4694 63
4695 63
4696 63
4697 63
4698 63
4699 63
4700 63
4701 63
4702 63
4703 63
4704 63
4705 63
4706 63
4707 63
4708 63
4709 63
4710 63
4711 63
4712 63
4713 63
4714 63
4715 63
4716 63
4717 63
4718 63
4719 63
4720 63
4721 63
4722 63
4723 63
4724 63
4725 63
4726 63
4727 63
4728 63
4729 63
4730 63
4731 63
4732 63
4733 63
4734 63
4735 63
4736 64
4737 64
4738 64
4739 64
4740 64
4741 64
4742 64
4743 64
4744 64
4745 64
4746 64
4747 64
4748 64
4749 64
4750 64
4751 64
4752 64
4753 64
4754 64
4755 64
4756 64
4757 64
4758 64
4759 64
4760 64
4761 64
4762 64
4763 64
4764 64
4765 64
4766 64
4767 64
4768 64
4769 64
4770 64
4771 64
4772 64
4773 64
4774 64
4775 64
4776 64
4777 64
4778 64
4779 64
4780 64
4781 64
4782 64
4783 64
4784 64
4785 64
4786 64
4787 64
4788 64
4789 64
4790 64
4791 64
4792 64
4793 64
4794 64
4795 64
4796 64
4797 64
4798 64
4799 64
4800 65
4801 65
4802 65
4803 65
4804 65
4805 65
4806 65
4807 65
4808 65
4809 65
4810 65
4811 65
4812 65
4813 65
4814 65
4815 65
4816 65
4817 65
4818 65
4819 65
4820 65
4821 65
4822 65
4823 65
4824 65
4825 65
4826 65
4827 65
4828 65
4829 65
4830 65
4831 65
4832 65
4833 65
4834 65
4835 65
4836 65
4837 65
4838 65
4839 65
4840 65
4841 65
4842 65
4843 65
4844 65
4845 65
4846 65
4847 65
4848 65
4849 65
4850 65
4851 65
4852 65
4853 65
4854 65
4855 65
4856 65
4857 65
4858 65
4859 65
4860 65
4861 65
4862 65
4863 65
4864 66
4865 66
4866 66
4867 66
4868 66
4869 66
4870 66
4871 66
4872 66
4873 66
4874 66
4875 66
4876 66
4877 66
4878 66
4879 66
4880 66
4881 66
4882 66
4883 66
4884 66
4885 66
4886 66
4887 66
4888 66
4889 66
4890 66
4891 66
4892 66
4893 66
4894 66
4895 66
4896 66
4897 66
4898 66
4899 66
4900 66
4901 66
4902 66
4903 66
4904 66
4905 66
4906 66
4907 66
4908 66
4909 66
4910 66
4911 66
4912 66
4913 66
4914 66
4915 66
4916 66
4917 66
4918 66
4919 66
4920 66
4921 66
4922 66
4923 66
4924 66
4925 66
4926 66
4927 66
4928 67
4929 67
4930 67
4931 67
4932 67
4933 67
4934 67
4935 67
4936 67
4937 67
4938 67
4939 67
4940 67
4941 67
4942 67
4943 67
4944 67
4945 67
4946 67
4947 67
4948 67
4949 67
4950 67
4951 67
4952 67
4953 67
4954 67
4955 67
4956 67
4957 67
4958 67
4959 67
4960 67
4961 67
4962 67
4963 67
4964 67
4965 67
4966 67
4967 67
4968 67
4969 67
4970 67
4971 67
4972 67
4973 67
4974 67
4975 67
4976 67
4977 67
4978 67
4979 67
4980 67
4981 67
4982 67
4983 67
4984 67
4985 67
4986 67
4987 67
4988 67
4989 67
4990 67
4991 67
4992 29
4993 29
4994 29
4995 29
4996 29
4997 29
4998 29
4999 29
5000 29
5001 29
5002 29
5003 29
5004 29
5005 29
5006 29
5007 29
5008 29
5009 29
5010 29
5011 29
5012 29
5013 29
5014 29
5015 29
5016 29
5017 29
5018 29
5019 29
5020 29
5021 29
5022 29
5023 29
5024 29
5025 29
5026 29
5027 29
5028 29
5029 29
5030 29
5031 29
5032 29
5033 29
5034 29
5035 29
5036 29
5037 29
5038 29
5039 29
5040 29
5041 29
5042 29
5043 29
5044 29
5045 29
5046 29
5047 29
5048 29
5049 29
5050 29
5051 29
5052 29
5053 29
5054 29
5055 29
5056 68
5057 68
5058 68
5059 68
5060 68
5061 68
5062 68
5063 68
5064 68
5065 68
5066 68
5067 68
5068 68
5069 68
5070 68
5071 68
5072 68
5073 68
5074 68
5075 68
5076 68
5077 68
5078 68
5079 68
5080 68
5081 68
5082 68
5083 68
5084 68
5085 68
5086 68
5087 68
5088 68
5089 68
5090 68
5091 68
5092 68
5093 68
5094 68
5095 68
5096 68
5097 68
5098 68
5099 68
5100 68
5101 68
5102 68
5103 68
5104 68
5105 68
5106 68
5107 68
5108 68
5109 68
5110 68
5111 68
5112 68
5113 68
5114 68
5115 68
5116 68
5117 68
5118 68
5119 68
5120 69
5121 69
5122 69
5123 69
5124 69
5125 69
5126 69
5127 69
5128 69
5129 69
5130 69
5131 69
5132 69
5133 69
5134 69
5135 69
5136 69
5137 69
5138 69
5139 69
5140 69
5141 69
5142 69
5143 69
5144 69
5145 69
5146 69
5147 69
5148 69
5149 69
5150 69
5151 69
5152 69
5153 69
5154 69
5155 69
5156 69
5157 69
5158 69
5159 69
5160 69
5161 69
5162 69
5163 69
5164 69
5165 69
5166 69
5167 69
5168 69
5169 69
5170 69
5171 69
5172 69
5173 69
5174 69
5175 69
5176 69
5177 69
5178 69
5179 69
5180 69
5181 69
5182 69
5183 69
5184 70
5185 70
5186 70
5187 70
5188 70
5189 70
5190 70
5191 70
5192 70
5193 70
5194 70
5195 70
5196 70
5197 70
5198 70
5199 70
5200 70
5201 70
5202 70
5203 70
5204 70
5205 70
5206 70
5207 70
5208 70
5209 70
5210 70
5211 70
5212 70
5213 70
5214 70
5215 70
5216 70
5217 70
5218 70
5219 70
5220 70
5221 70
5222 70
5223 70
5224 70
5225 70
5226 70
5227 70
5228 70
5229 70
5230 70
5231 70
5232 70
5233 70
5234 70
5235 70
5236 70
5237 70
5238 70
5239 70
5240 70
5241 70
5242 70
5243 70
5244 70
5245 70
5246 70
5247 70
5248 71
5249 71
5250 71
5251 71
5252 71
5253 71
5254 71
5255 71
5256 71
5257 71
5258 71
5259 71
5260 71
5261 71
5262 71
5263 71
5264 71
5265 71
5266 71
5267 71
5268 71
5269 71
5270 71
5271 71
5272 71
5273 71
5274 71
5275 71
5276 71
5277 71
5278 71
5279 71
5280 71
5281 71
5282 71
5283 71
5284 71
5285 71
5286 71
5287 71
5288 71
5289 71
5290 71
5291 71
5292 71
5293 71
5294 71
5295 71
5296 71
5297 71
5298 71
5299 71
5300 71
5301 71
5302 71
5303 71
5304 71
5305 71
5306 71
5307 71
5308 71
5309 71
5310 71
5311 71
5312 72
5313 72
5314 72
5315 72
5316 72
5317 72
5318 72
5319 72
5320 72
5321 72
5322 72
5323 72
5324 72
5325 72
5326 72
5327 72
5328 72
5329 72
5330 72
5331 72
5332 72
5333 72
5334 72
5335 72
5336 72
5337 72
5338 72
5339 72
5340 72
5341 72
5342 72
5343 72
5344 72
5345 72
5346 72
5347 72
5348 72
5349 72
5350 72
5351 72
5352 72
5353 72
5354 72
5355 72
5356 72
5357 72
5358 72
5359 72
5360 72
5361 72
5362 72
5363 72
5364 72
5365 72
5366 72
5367 72
5368 72
5369 72
5370 72
5371 72
5372 72
5373 72
5374 72
5375 72
5376 73
5377 73
5378 73
5379 73
5380 73
5381 73
5382 73
5383 73
5384 73
5385 73
5386 73
5387 73
5388 73
5389 73
5390 73
5391 73
5392 73
5393 73
5394 73
5395 73
5396 73
5397 73
5398 73
5399 73
5400 73
5401 73
5402 73
5403 73
5404 73
5405 73
5406 73
5407 73
5408 73
5409 73
5410 73
5411 73
5412 73
5413 73
5414 73
5415 73
5416 73
5417 73
5418 73
5419 73
5420 73
5421 73
5422 73
5423 73
5424 73
5425 73
5426 73
5427 73
5428 73
5429 73
5430 73
5431 73
5432 73
5433 73
5434 73
5435 73
5436 73
5437 73
5438 73
5439 73
5440 74
5441 74
5442 74
5443 74
5444 74
5445 74
5446 74
5447 74
5448 74
5449 74
5450 74
5451 74
5452 74
5453 74
5454 74
5455 74
5456 74
5457 74
5458 74
5459 74
5460 74
5461 74
5462 74
5463 74
5464 74
5465 74
5466 74
5467 74
5468 74
5469 74
5470 74
5471 74
5472 74
5473 74
5474 74
5475 74
5476 74
5477 74
5478 74
5479 74
5480 74
5481 74
5482 74
5483 74
5484 74
5485 74
5486 74
5487 74
5488 74
5489 74
5490 74
5491 74
5492 74
5493 74
5494 74
5495 74
5496 74
5497 74
5498 74
5499 74
5500 74
5501 74
5502 74
5503 74
5504 75
5505 75
5506 75
5507 75
5508 75
5509 75
5510 75
5511 75
5512 75
5513 75
5514 75
5515 75
5516 75
5517 75
5518 75
5519 75
5520 75
5521 75
5522 75
5523 75
5524 75
5525 75
5526 75
5527 75
5528 75
5529 75
5530 75
5531 75
5532 75
5533 75
5534 75
5535 75
5536 75
5537 75
5538 75
5539 75
5540 75
5541 75
5542 75
5543 75
5544 75
5545 75
5546 75
5547 75
5548 75
5549 75
5550 75
5551 75
5552 75
5553 75
5554 75
5555 75
5556 75
5557 75
5558 75
5559 75
5560 75
5561 75
5562 75
5563 75
5564 75
5565 75
5566 75
5567 75
5568 76
5569 76
5570 76
5571 76
5572 76
5573 76
5574 76
5575 76
5576 76
5577 76
5578 76
5579 76
5580 76
5581 76
5582 76
5583 76
5584 76
5585 76
5586 76
5587 76
5588 76
5589 76
5590 76
5591 76
5592 76
5593 76
5594 76
5595 76
5596 76
5597 76
5598 76
5599 76
5600 76
5601 76
5602 76
5603 76
5604 76
5605 76
5606 76
5607 76
5608 76
5609 76
5610 76
5611 76
5612 76
5613 76
5614 76
5615 76
5616 76
5617 76
5618 76
5619 76
5620 76
5621 76
5622 76
5623 76
5624 76
5625 76
5626 76
5627 76
5628 76
5629 76
5630 76
5631 76
