0 0
1 0
2 0
3 0
4 0
5 0
6 0
7 0
8 0
9 0
10 0
11 0
12 0
13 0
14 0
15 0
16 0
17 0
18 0
19 0
20 0
21 0
22 0
23 0
24 0
25 0
26 0
27 0
28 0
29 0
30 0
31 0
32 0
33 0
34 0
35 0
36 0
37 0
38 0
39 0
40 0
41 0
42 0
43 0
44 0
45 0
46 0
47 0
48 0
49 0
50 0
51 0
52 0
53 0
54 0
55 0
56 0
57 0
58 0
59 0
60 0
61 0
62 0
63 0
64 1
65 1
66 1
67 1
68 1
69 1
70 1
71 1
72 1
73 1
74 1
75 1
76 1
77 1
78 1
79 1
80 1
81 1
82 1
83 1
84 1
85 1
86 1
87 1
88 1
89 1
90 1
91 1
92 1
93 1
94 1
95 1
96 1
97 1
98 1
99 1
100 1
101 1
102 1
103 1
104 1
105 1
106 1
107 1
108 1
109 1
110 1
111 1
112 1
113 1
114 1
115 1
116 1
117 1
118 1
119 1
120 1
121 1
122 1
123 1
124 1
125 1
126 1
127 1
128 2
129 2
130 2
131 2
132 2
133 2
134 2
135 2
136 2
137 2
138 2
139 2
140 2
141 2
142 2
143 2
144 2
145 2
146 2
147 2
148 2
149 2
150 2
151 2
152 2
153 2
154 2
155 2
156 2
157 2
158 2
159 2
160 2
161 2
162 2
163 2
164 2
165 2
166 2
167 2
168 2
169 2
170 2
171 2
172 2
173 2
174 2
175 2
176 2
177 2
178 2
179 2
180 2
181 2
182 2
183 2
184 2
185 2
186 2
187 2
188 2
189 2
190 2
191 2
192 3
193 3
194 3
195 3
196 3
197 3
198 3
199 3
200 3
201 3
202 3
203 3
204 3
205 3
206 3
207 3
208 3
209 3
210 3
211 3
212 3
213 3
214 3
215 3
216 3
217 3
218 3
219 3
220 3
221 3
222 3
223 3
224 3
225 3
226 3
227 3
228 3
229 3
230 3
231 3
232 3
233 3
234 3
235 3
236 3
237 3
238 3
239 3
240 3
241 3
242 3
243 3
244 3
245 3
246 3
247 3
248 3
249 3
250 3
251 3
252 3
253 3
254 3
255 3
256 4
257 4
258 4
259 4
260 4
261 4
262 4
263 4
264 4
265 4
266 4
267 4
268 4
269 4
270 4
271 4
272 4
273 4
274 4
275 4
276 4
277 4
278 4
279 4
280 4
281 4
282 4
283 4
284 4
285 4
286 4
287 4
288 4
289 4
290 4
291 4
292 4
293 4
294 4
295 4
296 4
297 4
298 4
299 4
300 4
301 4
302 4
303 4
304 4
305 4
306 4
307 4
308 4
309 4
310 4
311 4
312 4
313 4
314 4
315 4
316 4
317 4
318 4
319 4
320 5
321 5
322 5
323 5
324 5
325 5
326 5
327 5
328 5
329 5
330 5
331 5
332 5
333 5
334 5
335 5
336 5
337 5
338 5
339 5
340 5
341 5
342 5
343 5
344 5
345 5
346 5
347 5
348 5
349 5
350 5
351 5
352 5
353 5
354 5
355 5
356 5
357 5
358 5
359 5
360 5
361 5
362 5
363 5
364 5
365 5
366 5
367 5
368 5
369 5
370 5
371 5
372 5
373 5
374 5
375 5
376 5
377 5
378 5
379 5
380 5
381 5
382 5
383 5
384 6
385 6
386 6
387 6
388 6
389 6
390 6
391 6
392 6
393 6
394 6
395 6
396 6
397 6
398 6
399 6
400 6
401 6
402 6
403 6
404 6
405 6
406 6
407 6
408 6
409 6
410 6
411 6
412 6
413 6
414 6
415 6
416 6
417 6
418 6
419 6
420 6
421 6
422 6
423 6
424 6
425 6
426 6
427 6
428 6
429 6
430 6
431 6
432 6
433 6
434 6
435 6
436 6
437 6
438 6
439 6
440 6
441 6
442 6
443 6
444 6
445 6
446 6
447 6
448 7
449 7
450 7
451 7
452 7
453 7
454 7
455 7
456 7
457 7
458 7
459 7
460 7
461 7
462 7
463 7
464 7
465 7
466 7
467 7
468 7
469 7
470 7
471 7
472 7
473 7
474 7
475 7
476 7
477 7
478 7
479 7
480 7
481 7
482 7
483 7
484 7
485 7
486 7
487 7
488 7
489 7
490 7
491 7
492 7
493 7
494 7
495 7
496 7
497 7
498 7
499 7
500 7
501 7
502 7
503 7
504 7
505 7
506 7
507 7
508 7
509 7
510 7
511 7
512 8
513 8
514 8
515 8
516 8
517 8
518 8
519 8
520 8
521 8
522 8
523 8
524 8
525 8
526 8
527 8
528 8
529 8
530 8
531 8
532 8
533 8
534 8
535 8
536 8
537 8
538 8
539 8
540 8
541 8
542 8
543 8
544 8
545 8
546 8
547 8
548 8
549 8
550 8
551 8
552 8
553 8
554 8
555 8
556 8
557 8
558 8
559 8
560 8
561 8
562 8
563 8
564 8
565 8
566 8
567 8
568 8
569 8
570 8
571 8
572 8
573 8
574 8
575 8
576 9
577 9
578 9
579 9
580 9
581 9
582 9
583 9
584 9
585 9
586 9
587 9
588 9
589 9
590 9
591 9
592 9
593 9
594 9
595 9
596 9
597 9
598 9
599 9
600 9
601 9
602 9
603 9
604 9
605 9
606 9
607 9
608 9
609 9
610 9
611 9
612 9
613 9
614 9
615 9
616 9
617 9
618 9
619 9
620 9
621 9
622 9
623 9
624 9
625 9
626 9
627 9
628 9
629 9
630 9
631 9
632 9
633 9
634 9
635 9
636 9
637 9
638 9
639 9
640 10
641 10
642 10
643 10
644 10
645 10
646 10
647 10
648 10
649 10
650 10
651 10
652 10
653 10
654 10
655 10
656 10
657 10
658 10
659 10
660 10
661 10
662 10
663 10
664 10
665 10
666 10
667 10
668 10
669 10
670 10
671 10
672 10
673 10
674 10
675 10
676 10
677 10
678 10
679 10
680 10
681 10
682 10
683 10
684 10
685 10
686 10
687 10
688 10
689 10
690 10
691 10
692 10
693 10
694 10
695 10
696 10
697 10
698 10
699 10
700 10
701 10
702 10
703 10
704 11
705 11
706 11
707 11
708 11
709 11
710 11
711 11
712 11
713 11
714 11
715 11
716 11
717 11
718 11
719 11
720 11
721 11
722 11
723 11
724 11
725 11
726 11
727 11
728 11
729 11
730 11
731 11
732 11
733 11
734 11
735 11
736 11
737 11
738 11
739 11
740 11
741 11
742 11
743 11
744 11
745 11
746 11
747 11
748 11
749 11
750 11
751 11
752 11
753 11
754 11
755 11
756 11
757 11
758 11
759 11
760 11
761 11
762 11
763 11
764 11
765 11
766 11
767 11
768 12
769 12
770 12
771 12
772 12
773 12
774 12
775 12
776 12
777 12
778 12
779 12
780 12
781 12
782 12
783 12
784 12
785 12
786 12
787 12
788 12
789 12
790 12
791 12
792 12
793 12
794 12
795 12
796 12
797 12
798 12
799 12
800 12
801 12
802 12
803 12
804 12
805 12
806 12
807 12
808 12
809 12
810 12
811 12
812 12
813 12
814 12
815 12
816 12
817 12
818 12
819 12
820 12
821 12
822 12
823 12
824 12
825 12
826 12
827 12
828 12
829 12
830 12
831 12
832 13
833 13
834 13
835 13
836 13
837 13
838 13
839 13
840 13
841 13
842 13
843 13
844 13
845 13
846 13
847 13
848 13
849 13
850 13
851 13
852 13
853 13
854 13
855 13
856 13
857 13
858 13
859 13
860 13
861 13
862 13
863 13
864 13
865 13
866 13
867 13
868 13
869 13
870 13
871 13
872 13
873 13
874 13
875 13
876 13
877 13
878 13
879 13
880 13
881 13
882 13
883 13
884 13
885 13
886 13
887 13
888 13
889 13
890 13
891 13
892 13
893 13
894 13
895 13
896 14
897 14
898 14
899 14
900 14
901 14
902 14
903 14
904 14
905 14
906 14
907 14
908 14
909 14
910 14
911 14
912 14
913 14
914 14
915 14
916 14
917 14
918 14
919 14
920 14
921 14
922 14
923 14
924 14
925 14
926 14
927 14
928 14
929 14
930 14
931 14
932 14
933 14
934 14
935 14
936 14
937 14
938 14
939 14
940 14
941 14
942 14
943 14
944 14
945 14
946 14
947 14
948 14
949 14
950 14
951 14
952 14
953 14
954 14
955 14
956 14
957 14
958 14
959 14
960 15
961 15
962 15
963 15
964 15
965 15
966 15
967 15
968 15
969 15
970 15
971 15
972 15
973 15
974 15
975 15
976 15
977 15
978 15
979 15
980 15
981 15
982 15
983 15
984 15
985 15
986 15
987 15
988 15
989 15
990 15
991 15
992 15
993 15
994 15
995 15
996 15
997 15
998 15
999 15
1000 15
1001 15
1002 15
1003 15
1004 15
1005 15
1006 15
1007 15
1008 15
1009 15
1010 15
1011 15
1012 15
1013 15
1014 15
1015 15
1016 15
1017 15
1018 15
1019 15
1020 15
1021 15
1022 15
1023 15
1024 16
1025 16
1026 16
1027 16
1028 16
1029 16
1030 16
1031 16
1032 16
1033 16
1034 16
1035 16
1036 16
1037 16
1038 16
1039 16
1040 16
1041 16
1042 16
1043 16
1044 16
1045 16
1046 16
1047 16
1048 16
1049 16
1050 16
1051 16
1052 16
1053 16
1054 16
1055 16
1056 16
1057 16
1058 16
1059 16
1060 16
1061 16
1062 16
1063 16
1064 16
1065 16
1066 16
1067 16
1068 16
1069 16
1070 16
1071 16
1072 16
1073 16
1074 16
1075 16
1076 16
1077 16
1078 16
1079 16
1080 16
1081 16
1082 16
1083 16
1084 16
1085 16
1086 16
1087 16
1088 17
1089 17
1090 17
1091 17
1092 17
1093 17
1094 17
1095 17
1096 17
1097 17
1098 17
1099 17
1100 17
1101 17
1102 17
1103 17
1104 17
1105 17
1106 17
1107 17
1108 17
1109 17
1110 17
1111 17
1112 17
1113 17
1114 17
1115 17
1116 17
1117 17
1118 17
1119 17
1120 17
1121 17
1122 17
1123 17
1124 17
1125 17
1126 17
1127 17
1128 17
1129 17
1130 17
1131 17
1132 17
1133 17
1134 17
1135 17
1136 17
1137 17
1138 17
1139 17
1140 17
1141 17
1142 17
1143 17
1144 17
1145 17
1146 17
1147 17
1148 17
1149 17
1150 17
1151 17
1152 18
1153 18
1154 18
1155 18
1156 18
1157 18
1158 18
1159 18
1160 18
1161 18
1162 18
1163 18
1164 18
1165 18
1166 18
1167 18
1168 18
1169 18
1170 18
1171 18
1172 18
1173 18
1174 18
1175 18
1176 18
1177 18
1178 18
1179 18
1180 18
1181 18
1182 18
1183 18
1184 18
1185 18
1186 18
1187 18
1188 18
1189 18
1190 18
1191 18
1192 18
1193 18
1194 18
1195 18
1196 18
1197 18
1198 18
1199 18
1200 18
1201 18
1202 18
1203 18
1204 18
1205 18
1206 18
1207 18
1208 18
1209 18
1210 18
1211 18
1212 18
1213 18
1214 18
1215 18
1216 19
1217 19
1218 19
1219 19
1220 19
1221 19
1222 19
1223 19
1224 19
1225 19
1226 19
1227 19
1228 19
1229 19
1230 19
1231 19
1232 19
1233 19
1234 19
1235 19
1236 19
1237 19
1238 19
1239 19
1240 19
1241 19
1242 19
1243 19
1244 19
1245 19
1246 19
1247 19
1248 19
1249 19
1250 19
1251 19
1252 19
1253 19
1254 19
1255 19
1256 19
1257 19
1258 19
1259 19
1260 19
1261 19
1262 19
1263 19
1264 19
1265 19
1266 19
1267 19
1268 19
1269 19
1270 19
1271 19
1272 19
1273 19
1274 19
1275 19
1276 19
1277 19
1278 19
1279 19
1280 20
1281 20
1282 20
1283 20
1284 20
1285 20
1286 20
1287 20
1288 20
1289 20
1290 20
1291 20
1292 20
1293 20
1294 20
1295 20
1296 20
1297 20
1298 20
1299 20
1300 20
1301 20
1302 20
1303 20
1304 20
1305 20
1306 20
1307 20
1308 20
1309 20
1310 20
1311 20
1312 20
1313 20
1314 20
1315 20
1316 20
1317 20
1318 20
1319 20
1320 20
1321 20
1322 20
1323 20
1324 20
1325 20
1326 20
1327 20
1328 20
1329 20
1330 20
1331 20
1332 20
1333 20
1334 20
1335 20
1336 20
1337 20
1338 20
1339 20
1340 20
1341 20
1342 20
1343 20
1344 21
1345 21
1346 21
1347 21
1348 21
1349 21
1350 21
1351 21
1352 21
1353 21
1354 21
1355 21
1356 21
1357 21
1358 21
1359 21
1360 21
1361 21
1362 21
1363 21
1364 21
1365 21
1366 21
1367 21
1368 21
1369 21
1370 21
1371 21
1372 21
1373 21
1374 21
1375 21
1376 21
1377 21
1378 21
1379 21
1380 21
1381 21
1382 21
1383 21
1384 21
1385 21
1386 21
1387 21
1388 21
1389 21
1390 21
1391 21
1392 21
1393 21
1394 21
1395 21
1396 21
1397 21
1398 21
1399 21
1400 21
1401 21
1402 21
1403 21
1404 21
1405 21
1406 21
1407 21
1408 22
1409 22
1410 22
1411 22
1412 22
1413 22
1414 22
1415 22
1416 22
1417 22
1418 22
1419 22
1420 22
1421 22
1422 22
1423 22
1424 22
1425 22
1426 22
1427 22
1428 22
1429 22
1430 22
1431 22
1432 22
1433 22
1434 22
1435 22
1436 22
1437 22
1438 22
1439 22
1440 22
1441 22
1442 22
1443 22
1444 22
1445 22
1446 22
1447 22
1448 22
1449 22
1450 22
1451 22
1452 22
1453 22
1454 22
1455 22
1456 22
1457 22
1458 22
1459 22
1460 22
1461 22
1462 22
1463 22
1464 22
1465 22
1466 22
1467 22
1468 22
1469 22
1470 22
1471 22
1472 23
1473 23
1474 23
1475 23
1476 23
1477 23
1478 23
1479 23
1480 23
1481 23
1482 23
1483 23
1484 23
1485 23
1486 23
1487 23
1488 23
1489 23
1490 23
1491 23
1492 23
1493 23
1494 23
1495 23
1496 23
1497 23
1498 23
1499 23
1500 23
1501 23
1502 23
1503 23
1504 23
1505 23
1506 23
1507 23
1508 23
1509 23
1510 23
1511 23
1512 23
1513 23
1514 23
1515 23
1516 23
1517 23
1518 23
1519 23
1520 23
1521 23
1522 23
1523 23
1524 23
1525 23
1526 23
1527 23
1528 23
1529 23
1530 23
1531 23
1532 23
1533 23
1534 23
1535 23
1536 24
1537 24
1538 24
1539 24
1540 24
1541 24
1542 24
1543 24
1544 24
1545 24
1546 24
1547 24
1548 24
1549 24
1550 24
1551 24
1552 24
1553 24
1554 24
1555 24
1556 24
1557 24
1558 24
1559 24
1560 24
1561 24
1562 24
1563 24
1564 24
1565 24
1566 24
1567 24
1568 24
1569 24
1570 24
1571 24
1572 24
1573 24
1574 24
1575 24
1576 24
1577 24
1578 24
1579 24
1580 24
1581 24
1582 24
1583 24
1584 24
1585 24
1586 24
1587 24
1588 24
1589 24
1590 24
1591 24
1592 24
1593 24
1594 24
1595 24
1596 24
1597 24
1598 24
1599 24
1600 25
1601 25
1602 25
1603 25
1604 25
1605 25
1606 25
1607 25
1608 25
1609 25
1610 25
1611 25
1612 25
1613 25
1614 25
1615 25
1616 25
1617 25
1618 25
1619 25
1620 25
1621 25
1622 25
1623 25
1624 25
1625 25
1626 25
1627 25
1628 25
1629 25
1630 25
1631 25
1632 25
1633 25
1634 25
1635 25
1636 25
1637 25
1638 25
1639 25
1640 25
1641 25
1642 25
1643 25
1644 25
1645 25
1646 25
1647 25
1648 25
1649 25
1650 25
1651 25
1652 25
1653 25
1654 25
1655 25
1656 25
1657 25
1658 25
1659 25
1660 25
1661 25
1662 25
1663 25
1664 26
1665 26
1666 26
1667 26
1668 26
1669 26
1670 26
1671 26
1672 26
1673 26
1674 26
1675 26
1676 26
1677 26
1678 26
1679 26
1680 26
1681 26
1682 26
1683 26
1684 26
1685 26
1686 26
1687 26
1688 26
1689 26
1690 26
1691 26
1692 26
1693 26
1694 26
1695 26
1696 26
1697 26
1698 26
1699 26
1700 26
1701 26
1702 26
1703 26
1704 26
1705 26
1706 26
1707 26
1708 26
1709 26
1710 26
1711 26
1712 26
1713 26
1714 26
1715 26
1716 26
1717 26
1718 26
1719 26
1720 26
1721 26
1722 26
1723 26
1724 26
1725 26
1726 26
1727 26
1728 27
1729 27
1730 27
1731 27
1732 27
1733 27
1734 27
1735 27
1736 27
1737 27
1738 27
1739 27
1740 27
1741 27
1742 27
1743 27
1744 27
1745 27
1746 27
1747 27
1748 27
1749 27
1750 27
1751 27
1752 27
1753 27
1754 27
1755 27
1756 27
1757 27
1758 27
1759 27
1760 27
1761 27
1762 27
1763 27
1764 27
1765 27
1766 27
1767 27
1768 27
1769 27
1770 27
1771 27
1772 27
1773 27
1774 27
1775 27
1776 27
1777 27
1778 27
1779 27
1780 27
1781 27
1782 27
1783 27
1784 27
1785 27
1786 27
1787 27
1788 27
1789 27
1790 27
1791 27
1792 28
1793 28
1794 28
1795 28
1796 28
1797 28
1798 28
1799 28
1800 28
1801 28
1802 28
1803 28
1804 28
1805 28
1806 28
1807 28
1808 28
1809 28
1810 28
1811 28
1812 28
1813 28
1814 28
1815 28
1816 28
1817 28
1818 28
1819 28
1820 28
1821 28
1822 28
1823 28
1824 28
1825 28
1826 28
1827 28
1828 28
1829 28
1830 28
1831 28
1832 28
1833 28
1834 28
1835 28
1836 28
1837 28
1838 28
1839 28
1840 28
1841 28
1842 28
1843 28
1844 28
1845 28
1846 28
1847 28
1848 28
1849 28
1850 28
1851 28
1852 28
1853 28
1854 28
1855 28
1856 29
1857 29
1858 29
1859 29
1860 29
1861 29
1862 29
1863 29
1864 29
1865 29
1866 29
1867 29
1868 29
1869 29
1870 29
1871 29
1872 29
1873 29
1874 29
1875 29
1876 29
1877 29
1878 29
1879 29
1880 29
1881 29
1882 29
1883 29
1884 29
1885 29
1886 29
1887 29
1888 29
1889 29
1890 29
1891 29
1892 29
1893 29
1894 29
1895 29
1896 29
1897 29
1898 29
1899 29
1900 29
1901 29
1902 29
1903 29
1904 29
1905 29
1906 29
1907 29
1908 29
1909 29
1910 29
1911 29
1912 29
1913 29
1914 29
1915 29
1916 29
1917 29
1918 29
1919 29
1920 30
1921 30
1922 30
1923 30
1924 30
1925 30
1926 30
1927 30
1928 30
1929 30
1930 30
1931 30
1932 30
1933 30
1934 30
1935 30
1936 30
1937 30
1938 30
1939 30
1940 30
1941 30
1942 30
1943 30
1944 30
1945 30
1946 30
1947 30
1948 30
1949 30
1950 30
1951 30
1952 30
1953 30
1954 30
1955 30
1956 30
1957 30
1958 30
1959 30
1960 30
1961 30
1962 30
1963 30
1964 30
1965 30
1966 30
1967 30
1968 30
1969 30
1970 30
1971 30
1972 30
1973 30
1974 30
1975 30
1976 30
1977 30
1978 30
1979 30
1980 30
1981 30
1982 30
1983 30
1984 31
1985 31
1986 31
1987 31
1988 31
1989 31
1990 31
1991 31
1992 31
1993 31
1994 31
1995 31
1996 31
1997 31
1998 31
1999 31
2000 31
2001 31
2002 31
2003 31
2004 31
2005 31
2006 31
2007 31
2008 31
2009 31
2010 31
2011 31
2012 31
2013 31
2014 31
2015 31
2016 31
2017 31
2018 31
2019 31
2020 31
2021 31
2022 31
2023 31
2024 31
2025 31
2026 31
2027 31
2028 31
2029 31
2030 31
2031 31
2032 31
2033 31
2034 31
2035 31
2036 31
2037 31
2038 31
2039 31
2040 31
2041 31
2042 31
2043 31
2044 31
2045 31
2046 31
2047 31
2048 32
2049 32
2050 32
2051 32
2052 32
2053 32
2054 32
2055 32
2056 32
2057 32
2058 32
2059 32
2060 32
2061 32
2062 32
2063 32
2064 32
2065 32
2066 32
2067 32
2068 32
2069 32
2070 32
2071 32
2072 32
2073 32
2074 32
2075 32
2076 32
2077 32
2078 32
2079 32
2080 32
2081 32
2082 32
2083 32
2084 32
2085 32
2086 32
2087 32
2088 32
2089 32
2090 32
2091 32
2092 32
2093 32
2094 32
2095 32
2096 32
2097 32
2098 32
2099 32
2100 32
2101 32
2102 32
2103 32
2104 32
2105 32
2106 32
2107 32
2108 32
2109 32
2110 32
2111 32
2112 33
2113 33
2114 33
2115 33
2116 33
2117 33
2118 33
2119 33
2120 33
2121 33
2122 33
2123 33
2124 33
2125 33
2126 33
2127 33
2128 33
2129 33
2130 33
2131 33
2132 33
2133 33
2134 33
2135 33
2136 33
2137 33
2138 33
2139 33
2140 33
2141 33
2142 33
2143 33
2144 33
2145 33
2146 33
2147 33
2148 33
2149 33
2150 33
2151 33
2152 33
2153 33
2154 33
2155 33
2156 33
2157 33
2158 33
2159 33
2160 33
2161 33
2162 33
2163 33
2164 33
2165 33
2166 33
2167 33
2168 33
2169 33
2170 33
2171 33
2172 33
2173 33
2174 33
2175 33
2176 34
2177 34
2178 34
2179 34
2180 34
2181 34
2182 34
2183 34
2184 34
2185 34
2186 34
2187 34
2188 34
2189 34
2190 34
2191 34
2192 34
2193 34
2194 34
2195 34
2196 34
2197 34
2198 34
2199 34
2200 34
2201 34
2202 34
2203 34
2204 34
2205 34
2206 34
2207 34
2208 34
2209 34
2210 34
2211 34
2212 34
2213 34
2214 34
2215 34
2216 34
2217 34
2218 34
2219 34
2220 34
2221 34
2222 34
2223 34
2224 34
2225 34
2226 34
2227 34
2228 34
2229 34
2230 34
2231 34
2232 34
2233 34
2234 34
2235 34
2236 34
2237 34
2238 34
2239 34
2240 35
2241 35
2242 35
2243 35
2244 35
2245 35
2246 35
2247 35
2248 35
2249 35
2250 35
2251 35
2252 35
2253 35
2254 35
2255 35
2256 35
2257 35
2258 35
2259 35
2260 35
2261 35
2262 35
2263 35
2264 35
2265 35
2266 35
2267 35
2268 35
2269 35
2270 35
2271 35
2272 35
2273 35
2274 35
2275 35
2276 35
2277 35
2278 35
2279 35
2280 35
2281 35
2282 35
2283 35
2284 35
2285 35
2286 35
2287 35
2288 35
2289 35
2290 35
2291 35
2292 35
2293 35
2294 35
2295 35
2296 35
2297 35
2298 35
2299 35
2300 35
2301 35
2302 35
2303 35
2304 36
2305 36
2306 36
2307 36
2308 36
2309 36
2310 36
2311 36
2312 36
2313 36
2314 36
2315 36
2316 36
2317 36
2318 36
2319 36
2320 36
2321 36
2322 36
2323 36
2324 36
2325 36
2326 36
2327 36
2328 36
2329 36
2330 36
2331 36
2332 36
2333 36
2334 36
2335 36
2336 36
2337 36
2338 36
2339 36
2340 36
2341 36
2342 36
2343 36
2344 36
2345 36
2346 36
2347 36
2348 36
2349 36
2350 36
2351 36
2352 36
2353 36
2354 36
2355 36
2356 36
2357 36
2358 36
2359 36
2360 36
2361 36
2362 36
2363 36
2364 36
2365 36
2366 36
2367 36
2368 37
2369 37
2370 37
2371 37
2372 37
2373 37
2374 37
2375 37
2376 37
2377 37
2378 37
2379 37
2380 37
2381 37
2382 37
2383 37
2384 37
2385 37
2386 37
2387 37
2388 37
2389 37
2390 37
2391 37
2392 37
2393 37
2394 37
2395 37
2396 37
2397 37
2398 37
2399 37
2400 37
2401 37
2402 37
2403 37
2404 37
2405 37
2406 37
2407 37
2408 37
2409 37
2410 37
2411 37
2412 37
2413 37
2414 37
2415 37
2416 37
2417 37
2418 37
2419 37
2420 37
2421 37
2422 37
2423 37
2424 37
2425 37
2426 37
2427 37
2428 37
2429 37
2430 37
2431 37
2432 38
2433 38
2434 38
2435 38
2436 38
2437 38
2438 38
2439 38
2440 38
2441 38
2442 38
2443 38
2444 38
2445 38
2446 38
2447 38
2448 38
2449 38
2450 38
2451 38
2452 38
2453 38
2454 38
2455 38
2456 38
2457 38
2458 38
2459 38
2460 38
2461 38
2462 38
2463 38
2464 38
2465 38
2466 38
2467 38
2468 38
2469 38
2470 38
2471 38
2472 38
2473 38
2474 38
2475 38
2476 38
2477 38
2478 38
2479 38
2480 38
2481 38
2482 38
2483 38
2484 38
2485 38
2486 38
2487 38
2488 38
2489 38
2490 38
2491 38
2492 38
2493 38
2494 38
2495 38
2496 39
2497 39
2498 39
2499 39
2500 39
2501 39
2502 39
2503 39
2504 39
2505 39
2506 39
2507 39
2508 39
2509 39
2510 39
2511 39
2512 39
2513 39
2514 39
2515 39
2516 39
2517 39
2518 39
2519 39
2520 39
2521 39
2522 39
2523 39
2524 39
2525 39
2526 39
2527 39
2528 39
2529 39
2530 39
2531 39
2532 39
2533 39
2534 39
2535 39
2536 39
2537 39
2538 39
2539 39
2540 39
2541 39
2542 39
2543 39
2544 39
2545 39
2546 39
2547 39
2548 39
2549 39
2550 39
2551 39
2552 39
2553 39
2554 39
2555 39
2556 39
2557 39
2558 39
2559 39
2560 40
2561 40
2562 40
2563 40
2564 40
2565 40
2566 40
2567 40
2568 40
2569 40
2570 40
2571 40
2572 40
2573 40
2574 40
2575 40
2576 40
2577 40
2578 40
2579 40
2580 40
2581 40
2582 40
2583 40
2584 40
2585 40
2586 40
2587 40
2588 40
2589 40
2590 40
2591 40
2592 40
2593 40
2594 40
2595 40
2596 40
2597 40
2598 40
2599 40
2600 40
2601 40
2602 40
2603 40
2604 40
2605 40
2606 40
2607 40
2608 40
2609 40
2610 40
2611 40
2612 40
2613 40
2614 40
2615 40
2616 40
2617 40
2618 40
2619 40
2620 40
2621 40
2622 40
2623 40
2624 20
2625 20
2626 20
2627 20
2628 20
2629 20
2630 20
2631 20
2632 20
2633 20
2634 20
2635 20
2636 20
2637 20
2638 20
2639 20
2640 20
2641 20
2642 20
2643 20
2644 20
2645 20
2646 20
2647 20
2648 20
2649 20
2650 20
2651 20
2652 20
2653 20
2654 20
2655 20
2656 20
2657 20
2658 20
2659 20
2660 20
2661 20
2662 20
2663 20
2664 20
2665 20
2666 20
2667 20
2668 20
2669 20
2670 20
2671 20
2672 20
2673 20
2674 20
2675 20
2676 20
2677 20
2678 20
2679 20
2680 20
2681 20
2682 20
2683 20
2684 20
2685 20
2686 20
2687 20
2688 41
2689 41
2690 41
2691 41
2692 41
2693 41
2694 41
2695 41
2696 41
2697 41
2698 41
2699 41
2700 41
2701 41
2702 41
2703 41
2704 41
2705 41
2706 41
2707 41
2708 41
2709 41
2710 41
2711 41
2712 41
2713 41
2714 41
2715 41
2716 41
2717 41
2718 41
2719 41
2720 41
2721 41
2722 41
2723 41
2724 41
2725 41
2726 41
2727 41
2728 41
2729 41
2730 41
2731 41
2732 41
2733 41
2734 41
2735 41
2736 41
2737 41
2738 41
2739 41
2740 41
2741 41
2742 41
2743 41
2744 41
2745 41
2746 41
2747 41
2748 41
2749 41
2750 41
2751 41
2752 42
2753 42
2754 42
2755 42
2756 42
2757 42
2758 42
2759 42
2760 42
2761 42
2762 42
2763 42
2764 42
2765 42
2766 42
2767 42
2768 42
2769 42
2770 42
2771 42
2772 42
2773 42
2774 42
2775 42
2776 42
2777 42
2778 42
2779 42
2780 42
2781 42
2782 42
2783 42
2784 42
2785 42
2786 42
2787 42
2788 42
2789 42
2790 42
2791 42
2792 42
2793 42
2794 42
2795 42
2796 42
2797 42
2798 42
2799 42
2800 42
2801 42
2802 42
2803 42
2804 42
2805 42
2806 42
2807 42
2808 42
2809 42
2810 42
2811 42
2812 42
2813 42
2814 42
2815 42
2816 43
2817 43
2818 43
2819 43
2820 43
2821 43
2822 43
2823 43
2824 43
2825 43
2826 43
2827 43
2828 43
2829 43
2830 43
2831 43
2832 43
2833 43
2834 43
2835 43
2836 43
2837 43
2838 43
2839 43
2840 43
2841 43
2842 43
2843 43
2844 43
2845 43
2846 43
2847 43
2848 43
2849 43
2850 43
2851 43
2852 43
2853 43
2854 43
2855 43
2856 43
2857 43
2858 43
2859 43
2860 43
2861 43
2862 43
2863 43
2864 43
2865 43
2866 43
2867 43
2868 43
2869 43
2870 43
2871 43
2872 43
2873 43
2874 43
2875 43
2876 43
2877 43
2878 43
2879 43
2880 44
2881 44
2882 44
2883 44
2884 44
2885 44
2886 44
2887 44
2888 44
2889 44
2890 44
2891 44
2892 44
2893 44
2894 44
2895 44
2896 44
2897 44
2898 44
2899 44
2900 44
2901 44
2902 44
2903 44
2904 44
2905 44
2906 44
2907 44
2908 44
2909 44
2910 44
2911 44
2912 44
2913 44
2914 44
2915 44
2916 44
2917 44
2918 44
2919 44
2920 44
2921 44
2922 44
2923 44
2924 44
2925 44
2926 44
2927 44
2928 44
2929 44
2930 44
2931 44
2932 44
2933 44
2934 44
2935 44
2936 44
2937 44
2938 44
2939 44
2940 44
2941 44
2942 44
2943 44
2944 45
2945 45
2946 45
2947 45
2948 45
2949 45
2950 45
2951 45
2952 45
2953 45
2954 45
2955 45
2956 45
2957 45
2958 45
2959 45
2960 45
2961 45
2962 45
2963 45
2964 45
2965 45
2966 45
2967 45
2968 45
2969 45
2970 45
2971 45
2972 45
2973 45
2974 45
2975 45
2976 45
2977 45
2978 45
2979 45
2980 45
2981 45
2982 45
2983 45
2984 45
2985 45
2986 45
2987 45
2988 45
2989 45
2990 45
2991 45
2992 45
2993 45
2994 45
2995 45
2996 45
2997 45
2998 45
2999 45
3000 45
3001 45
3002 45
3003 45
3004 45
3005 45
3006 45
3007 45
3008 46
3009 46
3010 46
3011 46
3012 46
3013 46
3014 46
3015 46
3016 46
3017 46
3018 46
3019 46
3020 46
3021 46
3022 46
3023 46
3024 46
3025 46
3026 46
3027 46
3028 46
3029 46
3030 46
3031 46
3032 46
3033 46
3034 46
3035 46
3036 46
3037 46
3038 46
3039 46
3040 46
3041 46
3042 46
3043 46
3044 46
3045 46
3046 46
3047 46
3048 46
3049 46
3050 46
3051 46
3052 46
3053 46
3054 46
3055 46
3056 46
3057 46
3058 46
3059 46
3060 46
3061 46
3062 46
3063 46
3064 46
3065 46
3066 46
3067 46
3068 46
3069 46
3070 46
3071 46
3072 47
3073 47
3074 47
3075 47
3076 47
3077 47
3078 47
3079 47
3080 47
3081 47
3082 47
3083 47
3084 47
3085 47
3086 47
3087 47
3088 47
3089 47
3090 47
3091 47
3092 47
3093 47
3094 47
3095 47
3096 47
3097 47
3098 47
3099 47
3100 47
3101 47
3102 47
3103 47
3104 47
3105 47
3106 47
3107 47
3108 47
3109 47
3110 47
3111 47
3112 47
3113 47
3114 47
3115 47
3116 47
3117 47
3118 47
3119 47
3120 47
3121 47
3122 47
3123 47
3124 47
3125 47
3126 47
3127 47
3128 47
3129 47
3130 47
3131 47
3132 47
3133 47
3134 47
3135 47
3136 48
3137 48
3138 48
3139 48
3140 48
3141 48
3142 48
3143 48
3144 48
3145 48
3146 48
3147 48
3148 48
3149 48
3150 48
3151 48
3152 48
3153 48
3154 48
3155 48
3156 48
3157 48
3158 48
3159 48
3160 48
3161 48
3162 48
3163 48
3164 48
3165 48
3166 48
3167 48
3168 48
3169 48
3170 48
3171 48
3172 48
3173 48
3174 48
3175 48
3176 48
3177 48
3178 48
3179 48
3180 48
3181 48
3182 48
3183 48
3184 48
3185 48
3186 48
3187 48
3188 48
3189 48
3190 48
3191 48
3192 48
3193 48
3194 48
3195 48
3196 48
3197 48
3198 48
3199 48
3200 49
3201 49
3202 49
3203 49
3204 49
3205 49
3206 49
3207 49
3208 49
3209 49
3210 49
3211 49
3212 49
3213 49
3214 49
3215 49
3216 49
3217 49
3218 49
3219 49
3220 49
3221 49
3222 49
3223 49
3224 49
3225 49
3226 49
3227 49
3228 49
3229 49
3230 49
3231 49
3232 49
3233 49
3234 49
3235 49
3236 49
3237 49
3238 49
3239 49
3240 49
3241 49
3242 49
3243 49
3244 49
3245 49
3246 49
3247 49
3248 49
3249 49
3250 49
3251 49
3252 49
3253 49
3254 49
3255 49
3256 49
3257 49
3258 49
3259 49
3260 49
3261 49
3262 49
3263 49
3264 50
3265 50
3266 50
3267 50
3268 50
3269 50
3270 50
3271 50
3272 50
3273 50
3274 50
3275 50
3276 50
3277 50
3278 50
3279 50
3280 50
3281 50
3282 50
3283 50
3284 50
3285 50
3286 50
3287 50
3288 50
3289 50
3290 50
3291 50
3292 50
3293 50
3294 50
3295 50
3296 50
3297 50
3298 50
3299 50
3300 50
3301 50
3302 50
3303 50
3304 50
3305 50
3306 50
3307 50
3308 50
3309 50
3310 50
3311 50
3312 50
3313 50
3314 50
3315 50
3316 50
3317 50
3318 50
3319 50
3320 50
3321 50
3322 50
3323 50
3324 50
3325 50
3326 50
3327 50
3328 51
3329 51
3330 51
3331 51
3332 51
3333 51
3334 51
3335 51
3336 51
3337 51
3338 51
3339 51
3340 51
3341 51
3342 51
3343 51
3344 51
3345 51
3346 51
3347 51
3348 51
3349 51
3350 51
3351 51
3352 51
3353 51
3354 51
3355 51
3356 51
3357 51
3358 51
3359 51
3360 51
3361 51
3362 51
3363 51
3364 51
3365 51
3366 51
3367 51
3368 51
3369 51
3370 51
3371 51
3372 51
3373 51
3374 51
3375 51
3376 51
3377 51
3378 51
3379 51
3380 51
3381 51
3382 51
3383 51
3384 51
3385 51
3386 51
3387 51
3388 51
3389 51
3390 51
3391 51
3392 20
3393 20
3394 20
3395 20
3396 20
3397 20
3398 20
3399 20
3400 20
3401 20
3402 20
3403 20
3404 20
3405 20
3406 20
3407 20
3408 20
3409 20
3410 20
3411 20
3412 20
3413 20
3414 20
3415 20
3416 20
3417 20
3418 20
3419 20
3420 20
3421 20
3422 20
3423 20
3424 20
3425 20
3426 20
3427 20
3428 20
3429 20
3430 20
3431 20
3432 20
3433 20
3434 20
3435 20
3436 20
3437 20
3438 20
3439 20
3440 20
3441 20
3442 20
3443 20
3444 20
3445 20
3446 20
3447 20
3448 20
3449 20
3450 20
3451 20
3452 20
3453 20
3454 20
3455 20
3456 52
3457 52
3458 52
3459 52
3460 52
3461 52
3462 52
3463 52
3464 52
3465 52
3466 52
3467 52
3468 52
3469 52
3470 52
3471 52
3472 52
3473 52
3474 52
3475 52
3476 52
3477 52
3478 52
3479 52
3480 52
3481 52
3482 52
3483 52
3484 52
3485 52
3486 52
3487 52
3488 52
3489 52
3490 52
3491 52
3492 52
3493 52
3494 52
3495 52
3496 52
3497 52
3498 52
3499 52
3500 52
3501 52
3502 52
3503 52
3504 52
3505 52
3506 52
3507 52
3508 52
3509 52
3510 52
3511 52
3512 52
3513 52
3514 52
3515 52
3516 52
3517 52
3518 52
3519 52
3520 53
3521 53
3522 53
3523 53
3524 53
3525 53
3526 53
3527 53
3528 53
3529 53
3530 53
3531 53
3532 53
3533 53
3534 53
3535 53
3536 53
3537 53
3538 53
3539 53
3540 53
3541 53
3542 53
3543 53
3544 53
3545 53
3546 53
3547 53
3548 53
3549 53
3550 53
3551 53
3552 53
3553 53
3554 53
3555 53
3556 53
3557 53
3558 53
3559 53
3560 53
3561 53
3562 53
3563 53
3564 53
3565 53
3566 53
3567 53
3568 53
3569 53
3570 53
3571 53
3572 53
3573 53
3574 53
3575 53
3576 53
3577 53
3578 53
3579 53
3580 53
3581 53
3582 53
3583 53
3584 54
3585 54
3586 54
3587 54
3588 54
3589 54
3590 54
3591 54
3592 54
3593 54
3594 54
3595 54
3596 54
3597 54
3598 54
3599 54
3600 54
3601 54
3602 54
3603 54
3604 54
3605 54
3606 54
3607 54
3608 54
3609 54
3610 54
3611 54
3612 54
3613 54
3614 54
3615 54
3616 54
3617 54
3618 54
3619 54
3620 54
3621 54
3622 54
3623 54
3624 54
3625 54
3626 54
3627 54
3628 54
3629 54
3630 54
3631 54
3632 54
3633 54
3634 54
3635 54
3636 54
3637 54
3638 54
3639 54
3640 54
3641 54
3642 54
3643 54
3644 54
3645 54
3646 54
3647 54
3648 55
3649 55
3650 55
3651 55
3652 55
3653 55
3654 55
3655 55
3656 55
3657 55
3658 55
3659 55
3660 55
3661 55
3662 55
3663 55
3664 55
3665 55
3666 55
3667 55
3668 55
3669 55
3670 55
3671 55
3672 55
3673 55
3674 55
3675 55
3676 55
3677 55
3678 55
3679 55
3680 55
3681 55
3682 55
3683 55
3684 55
3685 55
3686 55
3687 55
3688 55
3689 55
3690 55
3691 55
3692 55
3693 55
3694 55
3695 55
3696 55
3697 55
3698 55
3699 55
3700 55
3701 55
3702 55
3703 55
3704 55
3705 55
3706 55
3707 55
3708 55
3709 55
3710 55
3711 55
3712 56
3713 56
3714 56
3715 56
3716 56
3717 56
3718 56
3719 56
3720 56
3721 56
3722 56
3723 56
3724 56
3725 56
3726 56
3727 56
3728 56
3729 56
3730 56
3731 56
3732 56
3733 56
3734 56
3735 56
3736 56
3737 56
3738 56
3739 56
3740 56
3741 56
3742 56
3743 56
3744 56
3745 56
3746 56
3747 56
3748 56
3749 56
3750 56
3751 56
3752 56
3753 56
3754 56
3755 56
3756 56
3757 56
3758 56
3759 56
3760 56
3761 56
3762 56
3763 56
3764 56
3765 56
3766 56
3767 56
3768 56
3769 56
3770 56
3771 56
3772 56
3773 56
3774 56
3775 56
3776 57
3777 57
3778 57
3779 57
3780 57
3781 57
3782 57
3783 57
3784 57
3785 57
3786 57
3787 57
3788 57
3789 57
3790 57
3791 57
3792 57
3793 57
3794 57
3795 57
3796 57
3797 57
3798 57
3799 57
3800 57
3801 57
3802 57
3803 57
3804 57
3805 57
3806 57
3807 57
3808 57
3809 57
3810 57
3811 57
3812 57
3813 57
3814 57
3815 57
3816 57
3817 57
3818 57
3819 57
3820 57
3821 57
3822 57
3823 57
3824 57
3825 57
3826 57
3827 57
3828 57
3829 57
3830 57
3831 57
3832 57
3833 57
3834 57
3835 57
3836 57
3837 57
3838 57
3839 57
3840 33
3841 33
3842 33
3843 33
3844 33
3845 33
3846 33
3847 33
3848 33
3849 33
3850 33
3851 33
3852 33
3853 33
3854 33
3855 33
3856 33
3857 33
3858 33
3859 33
3860 33
3861 33
3862 33
3863 33
3864 33
3865 33
3866 33
3867 33
3868 33
3869 33
3870 33
3871 33
3872 33
3873 33
3874 33
3875 33
3876 33
3877 33
3878 33
3879 33
3880 33
3881 33
3882 33
3883 33
3884 33
3885 33
3886 33
3887 33
3888 33
3889 33
3890 33
3891 33
3892 33
3893 33
3894 33
3895 33
3896 33
3897 33
3898 33
3899 33
3900 33
3901 33
3902 33
3903 33
3904 58
3905 58
3906 58
3907 58
3908 58
3909 58
3910 58
3911 58
3912 58
3913 58
3914 58
3915 58
3916 58
3917 58
3918 58
3919 58
3920 58
3921 58
3922 58
3923 58
3924 58
3925 58
3926 58
3927 58
3928 58
3929 58
3930 58
3931 58
3932 58
3933 58
3934 58
3935 58
3936 58
3937 58
3938 58
3939 58
3940 58
3941 58
3942 58
3943 58
3944 58
3945 58
3946 58
3947 58
3948 58
3949 58
3950 58
3951 58
3952 58
3953 58
3954 58
3955 58
3956 58
3957 58
3958 58
3959 58
3960 58
3961 58
3962 58
3963 58
3964 58
3965 58
3966 58
3967 58
3968 59
3969 59
3970 59
3971 59
3972 59
3973 59
3974 59
3975 59
3976 59
3977 59
3978 59
3979 59
3980 59
3981 59
3982 59
3983 59
3984 59
3985 59
3986 59
3987 59
3988 59
3989 59
3990 59
3991 59
3992 59
3993 59
3994 59
3995 59
3996 59
3997 59
3998 59
3999 59
4000 59
4001 59
4002 59
4003 59
4004 59
4005 59
4006 59
4007 59
4008 59
4009 59
4010 59
4011 59
4012 59
4013 59
4014 59
4015 59
4016 59
4017 59
4018 59
4019 59
4020 59
4021 59
4022 59
4023 59
4024 59
4025 59
4026 59
4027 59
4028 59
4029 59
4030 59
4031 59
4032 60
4033 60
4034 60
4035 60
4036 60
4037 60
4038 60
4039 60
4040 60
4041 60
4042 60
4043 60
4044 60
4045 60
4046 60
4047 60
4048 60
4049 60
4050 60
4051 60
4052 60
4053 60
4054 60
4055 60
4056 60
4057 60
4058 60
4059 60
4060 60
4061 60
4062 60
4063 60
4064 60
4065 60
4066 60
4067 60
4068 60
4069 60
4070 60
4071 60
4072 60
4073 60
4074 60
4075 60
4076 60
4077 60
4078 60
4079 60
4080 60
4081 60
4082 60
4083 60
4084 60
4085 60
4086 60
4087 60
4088 60
4089 60
4090 60
4091 60
4092 60
4093 60
4094 60
4095 60
4096 61
4097 61
4098 61
4099 61
4100 61
4101 61
4102 61
4103 61
4104 61
4105 61
4106 61
4107 61
4108 61
4109 61
4110 61
4111 61
4112 61
4113 61
4114 61
4115 61
4116 61
4117 61
4118 61
4119 61
4120 61
4121 61
4122 61
4123 61
4124 61
4125 61
4126 61
4127 61
4128 61
4129 61
4130 61
4131 61
4132 61
4133 61
4134 61
4135 61
4136 61
4137 61
4138 61
4139 61
4140 61
4141 61
4142 61
4143 61
4144 61
4145 61
4146 61
4147 61
4148 61
4149 61
4150 61
4151 61
4152 61
4153 61
4154 61
4155 61
4156 61
4157 61
4158 61
4159 61
4160 62
4161 62
4162 62
4163 62
4164 62
4165 62
4166 62
4167 62
4168 62
4169 62
4170 62
4171 62
4172 62
4173 62
4174 62
4175 62
4176 62
4177 62
4178 62
4179 62
4180 62
4181 62
4182 62
4183 62
4184 62
4185 62
4186 62
4187 62
4188 62
4189 62
4190 62
4191 62
4192 62
4193 62
4194 62
4195 62
4196 62
4197 62
4198 62
4199 62
4200 62
4201 62
4202 62
4203 62
4204 62
4205 62
4206 62
4207 62
4208 62
4209 62
4210 62
4211 62
4212 62
4213 62
4214 62
4215 62
4216 62
4217 62
4218 62
4219 62
4220 62
4221 62
4222 62
4223 62
4224 63
4225 63
4226 63
4227 63
4228 63
4229 63
4230 63
4231 63
4232 63
4233 63
4234 63
4235 63
4236 63
4237 63
4238 63
4239 63
4240 63
4241 63
4242 63
4243 63
4244 63
4245 63
4246 63
4247 63
4248 63
4249 63
4250 63
4251 63
4252 63
4253 63
4254 63
4255 63
4256 63
4257 63
4258 63
4259 63
4260 63
4261 63
4262 63
4263 63
4264 63
4265 63
4266 63
4267 63
4268 63
4269 63
4270 63
4271 63
4272 63
4273 63
4274 63
4275 63
4276 63
4277 63
4278 63
4279 63
4280 63
4281 63
4282 63
4283 63
4284 63
4285 63
4286 63
4287 63
4288 64
4289 64
4290 64
4291 64
4292 64
4293 64
4294 64
4295 64
4296 64
4297 64
4298 64
4299 64
4300 64
4301 64
4302 64
4303 64
4304 64
4305 64
4306 64
4307 64
4308 64
4309 64
4310 64
4311 64
4312 64
4313 64
4314 64
4315 64
4316 64
4317 64
4318 64
4319 64
4320 64
4321 64
4322 64
4323 64
4324 64
4325 64
4326 64
4327 64
4328 64
4329 64
4330 64
4331 64
4332 64
4333 64
4334 64
4335 64
4336 64
4337 64
4338 64
4339 64
4340 64
4341 64
4342 64
4343 64
4344 64
4345 64
4346 64
4347 64
4348 64
4349 64
4350 64
4351 64
4352 65
4353 65
4354 65
4355 65
4356 65
4357 65
4358 65
4359 65
4360 65
4361 65
4362 65
4363 65
4364 65
4365 65
4366 65
4367 65
4368 65
4369 65
4370 65
4371 65
4372 65
4373 65
4374 65
4375 65
4376 65
4377 65
4378 65
4379 65
4380 65
4381 65
4382 65
4383 65
4384 65
4385 65
4386 65
4387 65
4388 65
4389 65
4390 65
4391 65
4392 65
4393 65
4394 65
4395 65
4396 65
4397 65
4398 65
4399 65
4400 65
4401 65
4402 65
4403 65
4404 65
4405 65
4406 65
4407 65
4408 65
4409 65
4410 65
4411 65
4412 65
4413 65
4414 65
4415 65
4416 7
4417 7
4418 7
4419 7
4420 7
4421 7
4422 7
4423 7
4424 7
4425 7
4426 7
4427 7
4428 7
4429 7
4430 7
4431 7
4432 7
4433 7
4434 7
4435 7
4436 7
4437 7
4438 7
4439 7
4440 7
4441 7
4442 7
4443 7
4444 7
4445 7
4446 7
4447 7
4448 7
4449 7
4450 7
4451 7
4452 7
4453 7
4454 7
4455 7
4456 7
4457 7
4458 7
4459 7
4460 7
4461 7
4462 7
4463 7
4464 7
4465 7
4466 7
4467 7
4468 7
4469 7
4470 7
4471 7
4472 7
4473 7
4474 7
4475 7
4476 7
4477 7
4478 7
4479 7
4480 66
4481 66
4482 66
4483 66
4484 66
4485 66
4486 66
4487 66
4488 66
4489 66
4490 66
4491 66
4492 66
4493 66
4494 66
4495 66
4496 66
4497 66
4498 66
4499 66
4500 66
4501 66
4502 66
4503 66
4504 66
4505 66
4506 66
4507 66
4508 66
4509 66
4510 66
4511 66
4512 66
4513 66
4514 66
4515 66
4516 66
4517 66
4518 66
4519 66
4520 66
4521 66
4522 66
4523 66
4524 66
4525 66
4526 66
4527 66
4528 66
4529 66
4530 66
4531 66
4532 66
4533 66
4534 66
4535 66
4536 66
4537 66
4538 66
4539 66
4540 66
4541 66
4542 66
4543 66
4544 67
4545 67
4546 67
4547 67
4548 67
4549 67
4550 67
4551 67
4552 67
4553 67
4554 67
4555 67
4556 67
4557 67
4558 67
4559 67
4560 67
4561 67
4562 67
4563 67
4564 67
4565 67
4566 67
4567 67
4568 67
4569 67
4570 67
4571 67
4572 67
4573 67
4574 67
4575 67
4576 67
4577 67
4578 67
4579 67
4580 67
4581 67
4582 67
4583 67
4584 67
4585 67
4586 67
4587 67
4588 67
4589 67
4590 67
4591 67
4592 67
4593 67
4594 67
4595 67
4596 67
4597 67
4598 67
4599 67
4600 67
4601 67
4602 67
4603 67
4604 67
4605 67
4606 67
4607 67
4608 68
4609 68
4610 68
4611 68
4612 68
4613 68
4614 68
4615 68
4616 68
4617 68
4618 68
4619 68
4620 68
4621 68
4622 68
4623 68
4624 68
4625 68
4626 68
4627 68
4628 68
4629 68
4630 68
4631 68
4632 68
4633 68
4634 68
4635 68
4636 68
4637 68
4638 68
4639 68
4640 68
4641 68
4642 68
4643 68
4644 68
4645 68
4646 68
4647 68
4648 68
4649 68
4650 68
4651 68
4652 68
4653 68
4654 68
4655 68
4656 68
4657 68
4658 68
4659 68
4660 68
4661 68
4662 68
4663 68
4664 68
4665 68
4666 68
4667 68
4668 68
4669 68
4670 68
4671 68
4672 69
4673 69
4674 69
4675 69
4676 69
4677 69
4678 69
4679 69
4680 69
4681 69
4682 69
4683 69
4684 69
4685 69
4686 69
4687 69
4688 69
4689 69
4690 69
4691 69
4692 69
4693 69
4694 69
4695 69
4696 69
4697 69
4698 69
4699 69
4700 69
4701 69
4702 69
4703 69
4704 69
4705 69
4706 69
4707 69
4708 69
4709 69
4710 69
4711 69
4712 69
4713 69
4714 69
4715 69
4716 69
4717 69
4718 69
4719 69
4720 69
4721 69
4722 69
4723 69
4724 69
4725 69
4726 69
4727 69
4728 69
4729 69
4730 69
4731 69
4732 69
4733 69
4734 69
4735 69
4736 70
4737 70
4738 70
4739 70
4740 70
4741 70
4742 70
4743 70
4744 70
4745 70
4746 70
4747 70
4748 70
4749 70
4750 70
4751 70
4752 70
4753 70
4754 70
4755 70
4756 70
4757 70
4758 70
4759 70
4760 70
4761 70
4762 70
4763 70
4764 70
4765 70
4766 70
4767 70
4768 70
4769 70
4770 70
4771 70
4772 70
4773 70
4774 70
4775 70
4776 70
4777 70
4778 70
4779 70
4780 70
4781 70
4782 70
4783 70
4784 70
4785 70
4786 70
4787 70
4788 70
4789 70
4790 70
4791 70
4792 70
4793 70
4794 70
4795 70
4796 70
4797 70
4798 70
4799 70
4800 71
4801 71
4802 71
4803 71
4804 71
4805 71
4806 71
4807 71
4808 71
4809 71
4810 71
4811 71
4812 71
4813 71
4814 71
4815 71
4816 71
4817 71
4818 71
4819 71
4820 71
4821 71
4822 71
4823 71
4824 71
4825 71
4826 71
4827 71
4828 71
4829 71
4830 71
4831 71
4832 71
4833 71
4834 71
4835 71
4836 71
4837 71
4838 71
4839 71
4840 71
4841 71
4842 71
4843 71
4844 71
4845 71
4846 71
4847 71
4848 71
4849 71
4850 71
4851 71
4852 71
4853 71
4854 71
4855 71
4856 71
4857 71
4858 71
4859 71
4860 71
4861 71
4862 71
4863 71
4864 72
4865 72
4866 72
4867 72
4868 72
4869 72
4870 72
4871 72
4872 72
4873 72
4874 72
4875 72
4876 72
4877 72
4878 72
4879 72
4880 72
4881 72
4882 72
4883 72
4884 72
4885 72
4886 72
4887 72
4888 72
4889 72
4890 72
4891 72
4892 72
4893 72
4894 72
4895 72
4896 72
4897 72
4898 72
4899 72
4900 72
4901 72
4902 72
4903 72
4904 72
4905 72
4906 72
4907 72
4908 72
4909 72
4910 72
4911 72
4912 72
4913 72
4914 72
4915 72
4916 72
4917 72
4918 72
4919 72
4920 72
4921 72
4922 72
4923 72
4924 72
4925 72
4926 72
4927 72
4928 73
4929 73
4930 73
4931 73
4932 73
4933 73
4934 73
4935 73
4936 73
4937 73
4938 73
4939 73
4940 73
4941 73
4942 73
4943 73
4944 73
4945 73
4946 73
4947 73
4948 73
4949 73
4950 73
4951 73
4952 73
4953 73
4954 73
4955 73
4956 73
4957 73
4958 73
4959 73
4960 73
4961 73
4962 73
4963 73
4964 73
4965 73
4966 73
4967 73
4968 73
4969 73
4970 73
4971 73
4972 73
4973 73
4974 73
4975 73
4976 73
4977 73
4978 73
4979 73
4980 73
4981 73
4982 73
4983 73
4984 73
4985 73
4986 73
4987 73
4988 73
4989 73
4990 73
4991 73
4992 74
4993 74
4994 74
4995 74
4996 74
4997 74
4998 74
4999 74
5000 74
5001 74
5002 74
5003 74
5004 74
5005 74
5006 74
5007 74
5008 74
5009 74
5010 74
5011 74
5012 74
5013 74
5014 74
5015 74
5016 74
5017 74
5018 74
5019 74
5020 74
5021 74
5022 74
5023 74
5024 74
5025 74
5026 74
5027 74
5028 74
5029 74
5030 74
5031 74
5032 74
5033 74
5034 74
5035 74
5036 74
5037 74
5038 74
5039 74
5040 74
5041 74
5042 74
5043 74
5044 74
5045 74
5046 74
5047 74
5048 74
5049 74
5050 74
5051 74
5052 74
5053 74
5054 74
5055 74
5056 75
5057 75
5058 75
5059 75
5060 75
5061 75
5062 75
5063 75
5064 75
5065 75
5066 75
5067 75
5068 75
5069 75
5070 75
5071 75
5072 75
5073 75
5074 75
5075 75
5076 75
5077 75
5078 75
5079 75
5080 75
5081 75
5082 75
5083 75
5084 75
5085 75
5086 75
5087 75
5088 75
5089 75
5090 75
5091 75
5092 75
5093 75
5094 75
5095 75
5096 75
5097 75
5098 75
5099 75
5100 75
5101 75
5102 75
5103 75
5104 75
5105 75
5106 75
5107 75
5108 75
5109 75
5110 75
5111 75
5112 75
5113 75
5114 75
5115 75
5116 75
5117 75
5118 75
5119 75
5120 76
5121 76
5122 76
5123 76
5124 76
5125 76
5126 76
5127 76
5128 76
5129 76
5130 76
5131 76
5132 76
5133 76
5134 76
5135 76
5136 76
5137 76
5138 76
5139 76
5140 76
5141 76
5142 76
5143 76
5144 76
5145 76
5146 76
5147 76
5148 76
5149 76
5150 76
5151 76
5152 76
5153 76
5154 76
5155 76
5156 76
5157 76
5158 76
5159 76
5160 76
5161 76
5162 76
5163 76
5164 76
5165 76
5166 76
5167 76
5168 76
5169 76
5170 76
5171 76
5172 76
5173 76
5174 76
5175 76
5176 76
5177 76
5178 76
5179 76
5180 76
5181 76
5182 76
5183 76
5184 77
5185 77
5186 77
5187 77
5188 77
5189 77
5190 77
5191 77
5192 77
5193 77
5194 77
5195 77
5196 77
5197 77
5198 77
5199 77
5200 77
5201 77
5202 77
5203 77
5204 77
5205 77
5206 77
5207 77
5208 77
5209 77
5210 77
5211 77
5212 77
5213 77
5214 77
5215 77
5216 77
5217 77
5218 77
5219 77
5220 77
5221 77
5222 77
5223 77
5224 77
5225 77
5226 77
5227 77
5228 77
5229 77
5230 77
5231 77
5232 77
5233 77
5234 77
5235 77
5236 77
5237 77
5238 77
5239 77
5240 77
5241 77
5242 77
5243 77
5244 77
5245 77
5246 77
5247 77
5248 78
5249 78
5250 78
5251 78
5252 78
5253 78
5254 78
5255 78
5256 78
5257 78
5258 78
5259 78
5260 78
5261 78
5262 78
5263 78
5264 78
5265 78
5266 78
5267 78
5268 78
5269 78
5270 78
5271 78
5272 78
5273 78
5274 78
5275 78
5276 78
5277 78
5278 78
5279 78
5280 78
5281 78
5282 78
5283 78
5284 78
5285 78
5286 78
5287 78
5288 78
5289 78
5290 78
5291 78
5292 78
5293 78
5294 78
5295 78
5296 78
5297 78
5298 78
5299 78
5300 78
5301 78
5302 78
5303 78
5304 78
5305 78
5306 78
5307 78
5308 78
5309 78
5310 78
5311 78
5312 79
5313 79
5314 79
5315 79
5316 79
5317 79
5318 79
5319 79
5320 79
5321 79
5322 79
5323 79
5324 79
5325 79
5326 79
5327 79
5328 79
5329 79
5330 79
5331 79
5332 79
5333 79
5334 79
5335 79
5336 79
5337 79
5338 79
5339 79
5340 79
5341 79
5342 79
5343 79
5344 79
5345 79
5346 79
5347 79
5348 79
5349 79
5350 79
5351 79
5352 79
5353 79
5354 79
5355 79
5356 79
5357 79
5358 79
5359 79
5360 79
5361 79
5362 79
5363 79
5364 79
5365 79
5366 79
5367 79
5368 79
5369 79
5370 79
5371 79
5372 79
5373 79
5374 79
5375 79
5376 80
5377 80
5378 80
5379 80
5380 80
5381 80
5382 80
5383 80
5384 80
5385 80
5386 80
5387 80
5388 80
5389 80
5390 80
5391 80
5392 80
5393 80
5394 80
5395 80
5396 80
5397 80
5398 80
5399 80
5400 80
5401 80
5402 80
5403 80
5404 80
5405 80
5406 80
5407 80
5408 80
5409 80
5410 80
5411 80
5412 80
5413 80
5414 80
5415 80
5416 80
5417 80
5418 80
5419 80
5420 80
5421 80
5422 80
5423 80
5424 80
5425 80
5426 80
5427 80
5428 80
5429 80
5430 80
5431 80
5432 80
5433 80
5434 80
5435 80
5436 80
5437 80
5438 80
5439 80
5440 24
5441 24
5442 24
5443 24
5444 24
5445 24
5446 24
5447 24
5448 24
5449 24
5450 24
5451 24
5452 24
5453 24
5454 24
5455 24
5456 24
5457 24
5458 24
5459 24
5460 24
5461 24
5462 24
5463 24
5464 24
5465 24
5466 24
5467 24
5468 24
5469 24
5470 24
5471 24
5472 24
5473 24
5474 24
5475 24
5476 24
5477 24
5478 24
5479 24
5480 24
5481 24
5482 24
5483 24
5484 24
5485 24
5486 24
5487 24
5488 24
5489 24
5490 24
5491 24
5492 24
5493 24
5494 24
5495 24
5496 24
5497 24
5498 24
5499 24
5500 24
5501 24
5502 24
5503 24
5504 81
5505 81
5506 81
5507 81
5508 81
5509 81
5510 81
5511 81
5512 81
5513 81
5514 81
5515 81
5516 81
5517 81
5518 81
5519 81
5520 81
5521 81
5522 81
5523 81
5524 81
5525 81
5526 81
5527 81
5528 81
5529 81
5530 81
5531 81
5532 81
5533 81
5534 81
5535 81
5536 81
5537 81
5538 81
5539 81
5540 81
5541 81
5542 81
5543 81
5544 81
5545 81
5546 81
5547 81
5548 81
5549 81
5550 81
5551 81
5552 81
5553 81
5554 81
5555 81
5556 81
5557 81
5558 81
5559 81
5560 81
5561 81
5562 81
5563 81
5564 81
5565 81
5566 81
5567 81
5568 82
5569 82
5570 82
5571 82
5572 82
5573 82
5574 82
5575 82
5576 82
5577 82
5578 82
5579 82
5580 82
5581 82
5582 82
5583 82
5584 82
5585 82
5586 82
5587 82
5588 82
5589 82
5590 82
5591 82
5592 82
5593 82
5594 82
5595 82
5596 82
5597 82
5598 82
5599 82
5600 82
5601 82
5602 82
5603 82
5604 82
5605 82
5606 82
5607 82
5608 82
5609 82
5610 82
5611 82
5612 82
5613 82
5614 82
5615 82
5616 82
5617 82
5618 82
5619 82
5620 82
5621 82
5622 82
5623 82
5624 82
5625 82
5626 82
5627 82
5628 82
5629 82
5630 82
5631 82
5632 83
5633 83
5634 83
5635 83
5636 83
5637 83
5638 83
5639 83
5640 83
5641 83
5642 83
5643 83
5644 83
5645 83
5646 83
5647 83
5648 83
5649 83
5650 83
5651 83
5652 83
5653 83
5654 83
5655 83
5656 83
5657 83
5658 83
5659 83
5660 83
5661 83
5662 83
5663 83
5664 83
5665 83
5666 83
5667 83
5668 83
5669 83
5670 83
5671 83
5672 83
5673 83
5674 83
5675 83
5676 83
5677 83
5678 83
5679 83
5680 83
5681 83
5682 83
5683 83
5684 83
5685 83
5686 83
5687 83
5688 83
5689 83
5690 83
5691 83
5692 83
5693 83
5694 83
5695 83
5696 84
5697 84
5698 84
5699 84
5700 84
5701 84
5702 84
5703 84
5704 84
5705 84
5706 84
5707 84
5708 84
5709 84
5710 84
5711 84
5712 84
5713 84
5714 84
5715 84
5716 84
5717 84
5718 84
5719 84
5720 84
5721 84
5722 84
5723 84
5724 84
5725 84
5726 84
5727 84
5728 84
5729 84
5730 84
5731 84
5732 84
5733 84
5734 84
5735 84
5736 84
5737 84
5738 84
5739 84
5740 84
5741 84
5742 84
5743 84
5744 84
5745 84
5746 84
5747 84
5748 84
5749 84
5750 84
5751 84
5752 84
5753 84
5754 84
5755 84
5756 84
5757 84
5758 84
5759 84
5760 85
5761 85
5762 85
5763 85
5764 85
5765 85
5766 85
5767 85
5768 85
5769 85
5770 85
5771 85
5772 85
5773 85
5774 85
5775 85
5776 85
5777 85
5778 85
5779 85
5780 85
5781 85
5782 85
5783 85
5784 85
5785 85
5786 85
5787 85
5788 85
5789 85
5790 85
5791 85
5792 85
5793 85
5794 85
5795 85
5796 85
5797 85
5798 85
5799 85
5800 85
5801 85
5802 85
5803 85
5804 85
5805 85
5806 85
5807 85
5808 85
5809 85
5810 85
5811 85
5812 85
5813 85
5814 85
5815 85
5816 85
5817 85
5818 85
5819 85
5820 85
5821 85
5822 85
5823 85
5824 86
5825 86
5826 86
5827 86
5828 86
5829 86
5830 86
5831 86
5832 86
5833 86
5834 86
5835 86
5836 86
5837 86
5838 86
5839 86
5840 86
5841 86
5842 86
5843 86
5844 86
5845 86
5846 86
5847 86
5848 86
5849 86
5850 86
5851 86
5852 86
5853 86
5854 86
5855 86
5856 86
5857 86
5858 86
5859 86
5860 86
5861 86
5862 86
5863 86
5864 86
5865 86
5866 86
5867 86
5868 86
5869 86
5870 86
5871 86
5872 86
5873 86
5874 86
5875 86
5876 86
5877 86
5878 86
5879 86
5880 86
5881 86
5882 86
5883 86
5884 86
5885 86
5886 86
5887 86
5888 87
5889 87
5890 87
5891 87
5892 87
5893 87
5894 87
5895 87
5896 87
5897 87
5898 87
5899 87
5900 87
5901 87
5902 87
5903 87
5904 87
5905 87
5906 87
5907 87
5908 87
5909 87
5910 87
5911 87
5912 87
5913 87
5914 87
5915 87
5916 87
5917 87
5918 87
5919 87
5920 87
5921 87
5922 87
5923 87
5924 87
5925 87
5926 87
5927 87
5928 87
5929 87
5930 87
5931 87
5932 87
5933 87
5934 87
5935 87
5936 87
5937 87
5938 87
5939 87
5940 87
5941 87
5942 87
5943 87
5944 87
5945 87
5946 87
5947 87
5948 87
5949 87
5950 87
5951 87
5952 88
5953 88
5954 88
5955 88
5956 88
5957 88
5958 88
5959 88
5960 88
5961 88
5962 88
5963 88
5964 88
5965 88
5966 88
5967 88
5968 88
5969 88
5970 88
5971 88
5972 88
5973 88
5974 88
5975 88
5976 88
5977 88
5978 88
5979 88
5980 88
5981 88
5982 88
5983 88
5984 88
5985 88
5986 88
5987 88
5988 88
5989 88
5990 88
5991 88
5992 88
5993 88
5994 88
5995 88
5996 88
5997 88
5998 88
5999 88
6000 88
6001 88
6002 88
6003 88
6004 88
6005 88
6006 88
6007 88
6008 88
6009 88
6010 88
6011 88
6012 88
6013 88
6014 88
6015 88
6016 27
6017 27
6018 27
6019 27
6020 27
6021 27
6022 27
6023 27
6024 27
6025 27
6026 27
6027 27
6028 27
6029 27
6030 27
6031 27
6032 27
6033 27
6034 27
6035 27
6036 27
6037 27
6038 27
6039 27
6040 27
6041 27
6042 27
6043 27
6044 27
6045 27
6046 27
6047 27
6048 27
6049 27
6050 27
6051 27
6052 27
6053 27
6054 27
6055 27
6056 27
6057 27
6058 27
6059 27
6060 27
6061 27
6062 27
6063 27
6064 27
6065 27
6066 27
6067 27
6068 27
6069 27
6070 27
6071 27
6072 27
6073 27
6074 27
6075 27
6076 27
6077 27
6078 27
6079 27
6080 89
6081 89
6082 89
6083 89
6084 89
6085 89
6086 89
6087 89
6088 89
6089 89
6090 89
6091 89
6092 89
6093 89
6094 89
6095 89
6096 89
6097 89
6098 89
6099 89
6100 89
6101 89
6102 89
6103 89
6104 89
6105 89
6106 89
6107 89
6108 89
6109 89
6110 89
6111 89
6112 89
6113 89
6114 89
6115 89
6116 89
6117 89
6118 89
6119 89
6120 89
6121 89
6122 89
6123 89
6124 89
6125 89
6126 89
6127 89
6128 89
6129 89
6130 89
6131 89
6132 89
6133 89
6134 89
6135 89
6136 89
6137 89
6138 89
6139 89
6140 89
6141 89
6142 89
6143 89
6144 90
6145 90
6146 90
6147 90
6148 90
6149 90
6150 90
6151 90
6152 90
6153 90
6154 90
6155 90
6156 90
6157 90
6158 90
6159 90
6160 90
6161 90
6162 90
6163 90
6164 90
6165 90
6166 90
6167 90
6168 90
6169 90
6170 90
6171 90
6172 90
6173 90
6174 90
6175 90
6176 90
6177 90
6178 90
6179 90
6180 90
6181 90
6182 90
6183 90
6184 90
6185 90
6186 90
6187 90
6188 90
6189 90
6190 90
6191 90
6192 90
6193 90
6194 90
6195 90
6196 90
6197 90
6198 90
6199 90
6200 90
6201 90
6202 90
6203 90
6204 90
6205 90
6206 90
6207 90
6208 91
6209 91
6210 91
6211 91
6212 91
6213 91
6214 91
6215 91
6216 91
6217 91
6218 91
6219 91
6220 91
6221 91
6222 91
6223 91
6224 91
6225 91
6226 91
6227 91
6228 91
6229 91
6230 91
6231 91
6232 91
6233 91
6234 91
6235 91
6236 91
6237 91
6238 91
6239 91
6240 91
6241 91
6242 91
6243 91
6244 91
6245 91
6246 91
6247 91
6248 91
6249 91
6250 91
6251 91
6252 91
6253 91
6254 91
6255 91
6256 91
6257 91
6258 91
6259 91
6260 91
6261 91
6262 91
6263 91
6264 91
6265 91
6266 91
6267 91
6268 91
6269 91
6270 91
6271 91
6272 92
6273 92
6274 92
6275 92
6276 92
6277 92
6278 92
6279 92
6280 92
6281 92
6282 92
6283 92
6284 92
6285 92
6286 92
6287 92
6288 92
6289 92
6290 92
6291 92
6292 92
6293 92
6294 92
6295 92
6296 92
6297 92
6298 92
6299 92
6300 92
6301 92
6302 92
6303 92
6304 92
6305 92
6306 92
6307 92
6308 92
6309 92
6310 92
6311 92
6312 92
6313 92
6314 92
6315 92
6316 92
6317 92
6318 92
6319 92
6320 92
6321 92
6322 92
6323 92
6324 92
6325 92
6326 92
6327 92
6328 92
6329 92
6330 92
6331 92
6332 92
6333 92
6334 92
6335 92
6336 93
6337 93
6338 93
6339 93
6340 93
6341 93
6342 93
6343 93
6344 93
6345 93
6346 93
6347 93
6348 93
6349 93
6350 93
6351 93
6352 93
6353 93
6354 93
6355 93
6356 93
6357 93
6358 93
6359 93
6360 93
6361 93
6362 93
6363 93
6364 93
6365 93
6366 93
6367 93
6368 93
6369 93
6370 93
6371 93
6372 93
6373 93
6374 93
6375 93
6376 93
6377 93
6378 93
6379 93
6380 93
6381 93
6382 93
6383 93
6384 93
6385 93
6386 93
6387 93
6388 93
6389 93
6390 93
6391 93
6392 93
6393 93
6394 93
6395 93
6396 93
6397 93
6398 93
6399 93
