0 0
1 0
2 0
3 0
4 0
5 0
6 0
7 0
8 0
9 0
10 0
11 0
12 0
13 0
14 0
15 0
16 0
17 0
18 0
19 0
20 0
21 0
22 0
23 0
24 0
25 0
26 0
27 0
28 0
29 0
30 0
31 0
32 0
33 0
34 0
35 0
36 0
37 0
38 0
39 0
40 0
41 0
42 0
43 0
44 0
45 0
46 0
47 0
48 0
49 0
50 0
51 0
52 0
53 0
54 0
55 0
56 0
57 0
58 0
59 0
60 0
61 0
62 0
63 0
64 1
65 1
66 1
67 1
68 1
69 1
70 1
71 1
72 1
73 1
74 1
75 1
76 1
77 1
78 1
79 1
80 1
81 1
82 1
83 1
84 1
85 1
86 1
87 1
88 1
89 1
90 1
91 1
92 1
93 1
94 1
95 1
96 1
97 1
98 1
99 1
100 1
101 1
102 1
103 1
104 1
105 1
106 1
107 1
108 1
109 1
110 1
111 1
112 1
113 1
114 1
115 1
116 1
117 1
118 1
119 1
120 1
121 1
122 1
123 1
124 1
125 1
126 1
127 1
128 2
129 2
130 2
131 2
132 2
133 2
134 2
135 2
136 2
137 2
138 2
139 2
140 2
141 2
142 2
143 2
144 2
145 2
146 2
147 2
148 2
149 2
150 2
151 2
152 2
153 2
154 2
155 2
156 2
157 2
158 2
159 2
160 2
161 2
162 2
163 2
164 2
165 2
166 2
167 2
168 2
169 2
170 2
171 2
172 2
173 2
174 2
175 2
176 2
177 2
178 2
179 2
180 2
181 2
182 2
183 2
184 2
185 2
186 2
187 2
188 2
189 2
190 2
191 2
192 3
193 3
194 3
195 3
196 3
197 3
198 3
199 3
200 3
201 3
202 3
203 3
204 3
205 3
206 3
207 3
208 3
209 3
210 3
211 3
212 3
213 3
214 3
215 3
216 3
217 3
218 3
219 3
220 3
221 3
222 3
223 3
224 3
225 3
226 3
227 3
228 3
229 3
230 3
231 3
232 3
233 3
234 3
235 3
236 3
237 3
238 3
239 3
240 3
241 3
242 3
243 3
244 3
245 3
246 3
247 3
248 3
249 3
250 3
251 3
252 3
253 3
254 3
255 3
256 4
257 4
258 4
259 4
260 4
261 4
262 4
263 4
264 4
265 4
266 4
267 4
268 4
269 4
270 4
271 4
272 4
273 4
274 4
275 4
276 4
277 4
278 4
279 4
280 4
281 4
282 4
283 4
284 4
285 4
286 4
287 4
288 4
289 4
290 4
291 4
292 4
293 4
294 4
295 4
296 4
297 4
298 4
299 4
300 4
301 4
302 4
303 4
304 4
305 4
306 4
307 4
308 4
309 4
310 4
311 4
312 4
313 4
314 4
315 4
316 4
317 4
318 4
319 4
320 5
321 5
322 5
323 5
324 5
325 5
326 5
327 5
328 5
329 5
330 5
331 5
332 5
333 5
334 5
335 5
336 5
337 5
338 5
339 5
340 5
341 5
342 5
343 5
344 5
345 5
346 5
347 5
348 5
349 5
350 5
351 5
352 5
353 5
354 5
355 5
356 5
357 5
358 5
359 5
360 5
361 5
362 5
363 5
364 5
365 5
366 5
367 5
368 5
369 5
370 5
371 5
372 5
373 5
374 5
375 5
376 5
377 5
378 5
379 5
380 5
381 5
382 5
383 5
384 6
385 6
386 6
387 6
388 6
389 6
390 6
391 6
392 6
393 6
394 6
395 6
396 6
397 6
398 6
399 6
400 6
401 6
402 6
403 6
404 6
405 6
406 6
407 6
408 6
409 6
410 6
411 6
412 6
413 6
414 6
415 6
416 6
417 6
418 6
419 6
420 6
421 6
422 6
423 6
424 6
425 6
426 6
427 6
428 6
429 6
430 6
431 6
432 6
433 6
434 6
435 6
436 6
437 6
438 6
439 6
440 6
441 6
442 6
443 6
444 6
445 6
446 6
447 6
448 7
449 7
450 7
451 7
452 7
453 7
454 7
455 7
456 7
457 7
458 7
459 7
460 7
461 7
462 7
463 7
464 7
465 7
466 7
467 7
468 7
469 7
470 7
471 7
472 7
473 7
474 7
475 7
476 7
477 7
478 7
479 7
480 7
481 7
482 7
483 7
484 7
485 7
486 7
487 7
488 7
489 7
490 7
491 7
492 7
493 7
494 7
495 7
496 7
497 7
498 7
499 7
500 7
501 7
502 7
503 7
504 7
505 7
506 7
507 7
508 7
509 7
510 7
511 7
512 -1
513 -1
514 -1
515 -1
516 -1
517 -1
518 -1
519 -1
520 -1
521 -1
522 -1
523 -1
524 -1
525 -1
526 -1
527 -1
528 -1
529 -1
530 -1
531 -1
532 -1
533 -1
534 -1
535 -1
536 -1
537 -1
538 -1
539 -1
540 -1
541 -1
542 -1
543 -1
544 -1
545 -1
546 -1
547 -1
548 -1
549 -1
550 -1
551 -1
552 -1
553 -1
554 -1
555 -1
556 -1
557 -1
558 -1
559 -1
560 -1
561 -1
562 -1
563 -1
564 -1
565 -1
566 -1
567 -1
568 -1
569 -1
570 -1
571 -1
572 -1
573 -1
574 -1
575 -1
576 8
577 8
578 8
579 8
580 8
581 8
582 8
583 8
584 8
585 8
586 8
587 8
588 8
589 8
590 8
591 8
592 8
593 8
594 8
595 8
596 8
597 8
598 8
599 8
600 8
601 8
602 8
603 8
604 8
605 8
606 8
607 8
608 8
609 8
610 8
611 8
612 8
613 8
614 8
615 8
616 8
617 8
618 8
619 8
620 8
621 8
622 8
623 8
624 8
625 8
626 8
627 8
628 8
629 8
630 8
631 8
632 8
633 8
634 8
635 8
636 8
637 8
638 8
639 8
640 9
641 9
642 9
643 9
644 9
645 9
646 9
647 9
648 9
649 9
650 9
651 9
652 9
653 9
654 9
655 9
656 9
657 9
658 9
659 9
660 9
661 9
662 9
663 9
664 9
665 9
666 9
667 9
668 9
669 9
670 9
671 9
672 9
673 9
674 9
675 9
676 9
677 9
678 9
679 9
680 9
681 9
682 9
683 9
684 9
685 9
686 9
687 9
688 9
689 9
690 9
691 9
692 9
693 9
694 9
695 9
696 9
697 9
698 9
699 9
700 9
701 9
702 9
703 9
704 10
705 10
706 10
707 10
708 10
709 10
710 10
711 10
712 10
713 10
714 10
715 10
716 10
717 10
718 10
719 10
720 10
721 10
722 10
723 10
724 10
725 10
726 10
727 10
728 10
729 10
730 10
731 10
732 10
733 10
734 10
735 10
736 10
737 10
738 10
739 10
740 10
741 10
742 10
743 10
744 10
745 10
746 10
747 10
748 10
749 10
750 10
751 10
752 10
753 10
754 10
755 10
756 10
757 10
758 10
759 10
760 10
761 10
762 10
763 10
764 10
765 10
766 10
767 10
768 11
769 11
770 11
771 11
772 11
773 11
774 11
775 11
776 11
777 11
778 11
779 11
780 11
781 11
782 11
783 11
784 11
785 11
786 11
787 11
788 11
789 11
790 11
791 11
792 11
793 11
794 11
795 11
796 11
797 11
798 11
799 11
800 11
801 11
802 11
803 11
804 11
805 11
806 11
807 11
808 11
809 11
810 11
811 11
812 11
813 11
814 11
815 11
816 11
817 11
818 11
819 11
820 11
821 11
822 11
823 11
824 11
825 11
826 11
827 11
828 11
829 11
830 11
831 11
832 12
833 12
834 12
835 12
836 12
837 12
838 12
839 12
840 12
841 12
842 12
843 12
844 12
845 12
846 12
847 12
848 12
849 12
850 12
851 12
852 12
853 12
854 12
855 12
856 12
857 12
858 12
859 12
860 12
861 12
862 12
863 12
864 12
865 12
866 12
867 12
868 12
869 12
870 12
871 12
872 12
873 12
874 12
875 12
876 12
877 12
878 12
879 12
880 12
881 12
882 12
883 12
884 12
885 12
886 12
887 12
888 12
889 12
890 12
891 12
892 12
893 12
894 12
895 12
896 13
897 13
898 13
899 13
900 13
901 13
902 13
903 13
904 13
905 13
906 13
907 13
908 13
909 13
910 13
911 13
912 13
913 13
914 13
915 13
916 13
917 13
918 13
919 13
920 13
921 13
922 13
923 13
924 13
925 13
926 13
927 13
928 13
929 13
930 13
931 13
932 13
933 13
934 13
935 13
936 13
937 13
938 13
939 13
940 13
941 13
942 13
943 13
944 13
945 13
946 13
947 13
948 13
949 13
950 13
951 13
952 13
953 13
954 13
955 13
956 13
957 13
958 13
959 13
960 14
961 14
962 14
963 14
964 14
965 14
966 14
967 14
968 14
969 14
970 14
971 14
972 14
973 14
974 14
975 14
976 14
977 14
978 14
979 14
980 14
981 14
982 14
983 14
984 14
985 14
986 14
987 14
988 14
989 14
990 14
991 14
992 14
993 14
994 14
995 14
996 14
997 14
998 14
999 14
1000 14
1001 14
1002 14
1003 14
1004 14
1005 14
1006 14
1007 14
1008 14
1009 14
1010 14
1011 14
1012 14
1013 14
1014 14
1015 14
1016 14
1017 14
1018 14
1019 14
1020 14
1021 14
1022 14
1023 14
1024 15
1025 15
1026 15
1027 15
1028 15
1029 15
1030 15
1031 15
1032 15
1033 15
1034 15
1035 15
1036 15
1037 15
1038 15
1039 15
1040 15
1041 15
1042 15
1043 15
1044 15
1045 15
1046 15
1047 15
1048 15
1049 15
1050 15
1051 15
1052 15
1053 15
1054 15
1055 15
1056 15
1057 15
1058 15
1059 15
1060 15
1061 15
1062 15
1063 15
1064 15
1065 15
1066 15
1067 15
1068 15
1069 15
1070 15
1071 15
1072 15
1073 15
1074 15
1075 15
1076 15
1077 15
1078 15
1079 15
1080 15
1081 15
1082 15
1083 15
1084 15
1085 15
1086 15
1087 15
1088 16
1089 16
1090 16
1091 16
1092 16
1093 16
1094 16
1095 16
1096 16
1097 16
1098 16
1099 16
1100 16
1101 16
1102 16
1103 16
1104 16
1105 16
1106 16
1107 16
1108 16
1109 16
1110 16
1111 16
1112 16
1113 16
1114 16
1115 16
1116 16
1117 16
1118 16
1119 16
1120 16
1121 16
1122 16
1123 16
1124 16
1125 16
1126 16
1127 16
1128 16
1129 16
1130 16
1131 16
1132 16
1133 16
1134 16
1135 16
1136 16
1137 16
1138 16
1139 16
1140 16
1141 16
1142 16
1143 16
1144 16
1145 16
1146 16
1147 16
1148 16
1149 16
1150 16
1151 16
1152 17
1153 17
1154 17
1155 17
1156 17
1157 17
1158 17
1159 17
1160 17
1161 17
1162 17
1163 17
1164 17
1165 17
1166 17
1167 17
1168 17
1169 17
1170 17
1171 17
1172 17
1173 17
1174 17
1175 17
1176 17
1177 17
1178 17
1179 17
1180 17
1181 17
1182 17
1183 17
1184 17
1185 17
1186 17
1187 17
1188 17
1189 17
1190 17
1191 17
1192 17
1193 17
1194 17
1195 17
1196 17
1197 17
1198 17
1199 17
1200 17
1201 17
1202 17
1203 17
1204 17
1205 17
1206 17
1207 17
1208 17
1209 17
1210 17
1211 17
1212 17
1213 17
1214 17
1215 17
1216 18
1217 18
1218 18
1219 18
1220 18
1221 18
1222 18
1223 18
1224 18
1225 18
1226 18
1227 18
1228 18
1229 18
1230 18
1231 18
1232 18
1233 18
1234 18
1235 18
1236 18
1237 18
1238 18
1239 18
1240 18
1241 18
1242 18
1243 18
1244 18
1245 18
1246 18
1247 18
1248 18
1249 18
1250 18
1251 18
1252 18
1253 18
1254 18
1255 18
1256 18
1257 18
1258 18
1259 18
1260 18
1261 18
1262 18
1263 18
1264 18
1265 18
1266 18
1267 18
1268 18
1269 18
1270 18
1271 18
1272 18
1273 18
1274 18
1275 18
1276 18
1277 18
1278 18
1279 18
1280 19
1281 19
1282 19
1283 19
1284 19
1285 19
1286 19
1287 19
1288 19
1289 19
1290 19
1291 19
1292 19
1293 19
1294 19
1295 19
1296 19
1297 19
1298 19
1299 19
1300 19
1301 19
1302 19
1303 19
1304 19
1305 19
1306 19
1307 19
1308 19
1309 19
1310 19
1311 19
1312 19
1313 19
1314 19
1315 19
1316 19
1317 19
1318 19
1319 19
1320 19
1321 19
1322 19
1323 19
1324 19
1325 19
1326 19
1327 19
1328 19
1329 19
1330 19
1331 19
1332 19
1333 19
1334 19
1335 19
1336 19
1337 19
1338 19
1339 19
1340 19
1341 19
1342 19
1343 19
1344 20
1345 20
1346 20
1347 20
1348 20
1349 20
1350 20
1351 20
1352 20
1353 20
1354 20
1355 20
1356 20
1357 20
1358 20
1359 20
1360 20
1361 20
1362 20
1363 20
1364 20
1365 20
1366 20
1367 20
1368 20
1369 20
1370 20
1371 20
1372 20
1373 20
1374 20
1375 20
1376 20
1377 20
1378 20
1379 20
1380 20
1381 20
1382 20
1383 20
1384 20
1385 20
1386 20
1387 20
1388 20
1389 20
1390 20
1391 20
1392 20
1393 20
1394 20
1395 20
1396 20
1397 20
1398 20
1399 20
1400 20
1401 20
1402 20
1403 20
1404 20
1405 20
1406 20
1407 20
1408 21
1409 21
1410 21
1411 21
1412 21
1413 21
1414 21
1415 21
1416 21
1417 21
1418 21
1419 21
1420 21
1421 21
1422 21
1423 21
1424 21
1425 21
1426 21
1427 21
1428 21
1429 21
1430 21
1431 21
1432 21
1433 21
1434 21
1435 21
1436 21
1437 21
1438 21
1439 21
1440 21
1441 21
1442 21
1443 21
1444 21
1445 21
1446 21
1447 21
1448 21
1449 21
1450 21
1451 21
1452 21
1453 21
1454 21
1455 21
1456 21
1457 21
1458 21
1459 21
1460 21
1461 21
1462 21
1463 21
1464 21
1465 21
1466 21
1467 21
1468 21
1469 21
1470 21
1471 21
1472 22
1473 22
1474 22
1475 22
1476 22
1477 22
1478 22
1479 22
1480 22
1481 22
1482 22
1483 22
1484 22
1485 22
1486 22
1487 22
1488 22
1489 22
1490 22
1491 22
1492 22
1493 22
1494 22
1495 22
1496 22
1497 22
1498 22
1499 22
1500 22
1501 22
1502 22
1503 22
1504 22
1505 22
1506 22
1507 22
1508 22
1509 22
1510 22
1511 22
1512 22
1513 22
1514 22
1515 22
1516 22
1517 22
1518 22
1519 22
1520 22
1521 22
1522 22
1523 22
1524 22
1525 22
1526 22
1527 22
1528 22
1529 22
1530 22
1531 22
1532 22
1533 22
1534 22
1535 22
1536 23
1537 23
1538 23
1539 23
1540 23
1541 23
1542 23
1543 23
1544 23
1545 23
1546 23
1547 23
1548 23
1549 23
1550 23
1551 23
1552 23
1553 23
1554 23
1555 23
1556 23
1557 23
1558 23
1559 23
1560 23
1561 23
1562 23
1563 23
1564 23
1565 23
1566 23
1567 23
1568 23
1569 23
1570 23
1571 23
1572 23
1573 23
1574 23
1575 23
1576 23
1577 23
1578 23
1579 23
1580 23
1581 23
1582 23
1583 23
1584 23
1585 23
1586 23
1587 23
1588 23
1589 23
1590 23
1591 23
1592 23
1593 23
1594 23
1595 23
1596 23
1597 23
1598 23
1599 23
1600 24
1601 24
1602 24
1603 24
1604 24
1605 24
1606 24
1607 24
1608 24
1609 24
1610 24
1611 24
1612 24
1613 24
1614 24
1615 24
1616 24
1617 24
1618 24
1619 24
1620 24
1621 24
1622 24
1623 24
1624 24
1625 24
1626 24
1627 24
1628 24
1629 24
1630 24
1631 24
1632 24
1633 24
1634 24
1635 24
1636 24
1637 24
1638 24
1639 24
1640 24
1641 24
1642 24
1643 24
1644 24
1645 24
1646 24
1647 24
1648 24
1649 24
1650 24
1651 24
1652 24
1653 24
1654 24
1655 24
1656 24
1657 24
1658 24
1659 24
1660 24
1661 24
1662 24
1663 24
1664 25
1665 25
1666 25
1667 25
1668 25
1669 25
1670 25
1671 25
1672 25
1673 25
1674 25
1675 25
1676 25
1677 25
1678 25
1679 25
1680 25
1681 25
1682 25
1683 25
1684 25
1685 25
1686 25
1687 25
1688 25
1689 25
1690 25
1691 25
1692 25
1693 25
1694 25
1695 25
1696 25
1697 25
1698 25
1699 25
1700 25
1701 25
1702 25
1703 25
1704 25
1705 25
1706 25
1707 25
1708 25
1709 25
1710 25
1711 25
1712 25
1713 25
1714 25
1715 25
1716 25
1717 25
1718 25
1719 25
1720 25
1721 25
1722 25
1723 25
1724 25
1725 25
1726 25
1727 25
1728 26
1729 26
1730 26
1731 26
1732 26
1733 26
1734 26
1735 26
1736 26
1737 26
1738 26
1739 26
1740 26
1741 26
1742 26
1743 26
1744 26
1745 26
1746 26
1747 26
1748 26
1749 26
1750 26
1751 26
1752 26
1753 26
1754 26
1755 26
1756 26
1757 26
1758 26
1759 26
1760 26
1761 26
1762 26
1763 26
1764 26
1765 26
1766 26
1767 26
1768 26
1769 26
1770 26
1771 26
1772 26
1773 26
1774 26
1775 26
1776 26
1777 26
1778 26
1779 26
1780 26
1781 26
1782 26
1783 26
1784 26
1785 26
1786 26
1787 26
1788 26
1789 26
1790 26
1791 26
1792 27
1793 27
1794 27
1795 27
1796 27
1797 27
1798 27
1799 27
1800 27
1801 27
1802 27
1803 27
1804 27
1805 27
1806 27
1807 27
1808 27
1809 27
1810 27
1811 27
1812 27
1813 27
1814 27
1815 27
1816 27
1817 27
1818 27
1819 27
1820 27
1821 27
1822 27
1823 27
1824 27
1825 27
1826 27
1827 27
1828 27
1829 27
1830 27
1831 27
1832 27
1833 27
1834 27
1835 27
1836 27
1837 27
1838 27
1839 27
1840 27
1841 27
1842 27
1843 27
1844 27
1845 27
1846 27
1847 27
1848 27
1849 27
1850 27
1851 27
1852 27
1853 27
1854 27
1855 27
1856 28
1857 28
1858 28
1859 28
1860 28
1861 28
1862 28
1863 28
1864 28
1865 28
1866 28
1867 28
1868 28
1869 28
1870 28
1871 28
1872 28
1873 28
1874 28
1875 28
1876 28
1877 28
1878 28
1879 28
1880 28
1881 28
1882 28
1883 28
1884 28
1885 28
1886 28
1887 28
1888 28
1889 28
1890 28
1891 28
1892 28
1893 28
1894 28
1895 28
1896 28
1897 28
1898 28
1899 28
1900 28
1901 28
1902 28
1903 28
1904 28
1905 28
1906 28
1907 28
1908 28
1909 28
1910 28
1911 28
1912 28
1913 28
1914 28
1915 28
1916 28
1917 28
1918 28
1919 28
1920 29
1921 29
1922 29
1923 29
1924 29
1925 29
1926 29
1927 29
1928 29
1929 29
1930 29
1931 29
1932 29
1933 29
1934 29
1935 29
1936 29
1937 29
1938 29
1939 29
1940 29
1941 29
1942 29
1943 29
1944 29
1945 29
1946 29
1947 29
1948 29
1949 29
1950 29
1951 29
1952 29
1953 29
1954 29
1955 29
1956 29
1957 29
1958 29
1959 29
1960 29
1961 29
1962 29
1963 29
1964 29
1965 29
1966 29
1967 29
1968 29
1969 29
1970 29
1971 29
1972 29
1973 29
1974 29
1975 29
1976 29
1977 29
1978 29
1979 29
1980 29
1981 29
1982 29
1983 29
1984 30
1985 30
1986 30
1987 30
1988 30
1989 30
1990 30
1991 30
1992 30
1993 30
1994 30
1995 30
1996 30
1997 30
1998 30
1999 30
2000 30
2001 30
2002 30
2003 30
2004 30
2005 30
2006 30
2007 30
2008 30
2009 30
2010 30
2011 30
2012 30
2013 30
2014 30
2015 30
2016 30
2017 30
2018 30
2019 30
2020 30
2021 30
2022 30
2023 30
2024 30
2025 30
2026 30
2027 30
2028 30
2029 30
2030 30
2031 30
2032 30
2033 30
2034 30
2035 30
2036 30
2037 30
2038 30
2039 30
2040 30
2041 30
2042 30
2043 30
2044 30
2045 30
2046 30
2047 30
2048 31
2049 31
2050 31
2051 31
2052 31
2053 31
2054 31
2055 31
2056 31
2057 31
2058 31
2059 31
2060 31
2061 31
2062 31
2063 31
2064 31
2065 31
2066 31
2067 31
2068 31
2069 31
2070 31
2071 31
2072 31
2073 31
2074 31
2075 31
2076 31
2077 31
2078 31
2079 31
2080 31
2081 31
2082 31
2083 31
2084 31
2085 31
2086 31
2087 31
2088 31
2089 31
2090 31
2091 31
2092 31
2093 31
2094 31
2095 31
2096 31
2097 31
2098 31
2099 31
2100 31
2101 31
2102 31
2103 31
2104 31
2105 31
2106 31
2107 31
2108 31
2109 31
2110 31
2111 31
2112 32
2113 32
2114 32
2115 32
2116 32
2117 32
2118 32
2119 32
2120 32
2121 32
2122 32
2123 32
2124 32
2125 32
2126 32
2127 32
2128 32
2129 32
2130 32
2131 32
2132 32
2133 32
2134 32
2135 32
2136 32
2137 32
2138 32
2139 32
2140 32
2141 32
2142 32
2143 32
2144 32
2145 32
2146 32
2147 32
2148 32
2149 32
2150 32
2151 32
2152 32
2153 32
2154 32
2155 32
2156 32
2157 32
2158 32
2159 32
2160 32
2161 32
2162 32
2163 32
2164 32
2165 32
2166 32
2167 32
2168 32
2169 32
2170 32
2171 32
2172 32
2173 32
2174 32
2175 32
2176 33
2177 33
2178 33
2179 33
2180 33
2181 33
2182 33
2183 33
2184 33
2185 33
2186 33
2187 33
2188 33
2189 33
2190 33
2191 33
2192 33
2193 33
2194 33
2195 33
2196 33
2197 33
2198 33
2199 33
2200 33
2201 33
2202 33
2203 33
2204 33
2205 33
2206 33
2207 33
2208 33
2209 33
2210 33
2211 33
2212 33
2213 33
2214 33
2215 33
2216 33
2217 33
2218 33
2219 33
2220 33
2221 33
2222 33
2223 33
2224 33
2225 33
2226 33
2227 33
2228 33
2229 33
2230 33
2231 33
2232 33
2233 33
2234 33
2235 33
2236 33
2237 33
2238 33
2239 33
2240 34
2241 34
2242 34
2243 34
2244 34
2245 34
2246 34
2247 34
2248 34
2249 34
2250 34
2251 34
2252 34
2253 34
2254 34
2255 34
2256 34
2257 34
2258 34
2259 34
2260 34
2261 34
2262 34
2263 34
2264 34
2265 34
2266 34
2267 34
2268 34
2269 34
2270 34
2271 34
2272 34
2273 34
2274 34
2275 34
2276 34
2277 34
2278 34
2279 34
2280 34
2281 34
2282 34
2283 34
2284 34
2285 34
2286 34
2287 34
2288 34
2289 34
2290 34
2291 34
2292 34
2293 34
2294 34
2295 34
2296 34
2297 34
2298 34
2299 34
2300 34
2301 34
2302 34
2303 34
2304 35
2305 35
2306 35
2307 35
2308 35
2309 35
2310 35
2311 35
2312 35
2313 35
2314 35
2315 35
2316 35
2317 35
2318 35
2319 35
2320 35
2321 35
2322 35
2323 35
2324 35
2325 35
2326 35
2327 35
2328 35
2329 35
2330 35
2331 35
2332 35
2333 35
2334 35
2335 35
2336 35
2337 35
2338 35
2339 35
2340 35
2341 35
2342 35
2343 35
2344 35
2345 35
2346 35
2347 35
2348 35
2349 35
2350 35
2351 35
2352 35
2353 35
2354 35
2355 35
2356 35
2357 35
2358 35
2359 35
2360 35
2361 35
2362 35
2363 35
2364 35
2365 35
2366 35
2367 35
2368 36
2369 36
2370 36
2371 36
2372 36
2373 36
2374 36
2375 36
2376 36
2377 36
2378 36
2379 36
2380 36
2381 36
2382 36
2383 36
2384 36
2385 36
2386 36
2387 36
2388 36
2389 36
2390 36
2391 36
2392 36
2393 36
2394 36
2395 36
2396 36
2397 36
2398 36
2399 36
2400 36
2401 36
2402 36
2403 36
2404 36
2405 36
2406 36
2407 36
2408 36
2409 36
2410 36
2411 36
2412 36
2413 36
2414 36
2415 36
2416 36
2417 36
2418 36
2419 36
2420 36
2421 36
2422 36
2423 36
2424 36
2425 36
2426 36
2427 36
2428 36
2429 36
2430 36
2431 36
2432 37
2433 37
2434 37
2435 37
2436 37
2437 37
2438 37
2439 37
2440 37
2441 37
2442 37
2443 37
2444 37
2445 37
2446 37
2447 37
2448 37
2449 37
2450 37
2451 37
2452 37
2453 37
2454 37
2455 37
2456 37
2457 37
2458 37
2459 37
2460 37
2461 37
2462 37
2463 37
2464 37
2465 37
2466 37
2467 37
2468 37
2469 37
2470 37
2471 37
2472 37
2473 37
2474 37
2475 37
2476 37
2477 37
2478 37
2479 37
2480 37
2481 37
2482 37
2483 37
2484 37
2485 37
2486 37
2487 37
2488 37
2489 37
2490 37
2491 37
2492 37
2493 37
2494 37
2495 37
2496 38
2497 38
2498 38
2499 38
2500 38
2501 38
2502 38
2503 38
2504 38
2505 38
2506 38
2507 38
2508 38
2509 38
2510 38
2511 38
2512 38
2513 38
2514 38
2515 38
2516 38
2517 38
2518 38
2519 38
2520 38
2521 38
2522 38
2523 38
2524 38
2525 38
2526 38
2527 38
2528 38
2529 38
2530 38
2531 38
2532 38
2533 38
2534 38
2535 38
2536 38
2537 38
2538 38
2539 38
2540 38
2541 38
2542 38
2543 38
2544 38
2545 38
2546 38
2547 38
2548 38
2549 38
2550 38
2551 38
2552 38
2553 38
2554 38
2555 38
2556 38
2557 38
2558 38
2559 38
2560 39
2561 39
2562 39
2563 39
2564 39
2565 39
2566 39
2567 39
2568 39
2569 39
2570 39
2571 39
2572 39
2573 39
2574 39
2575 39
2576 39
2577 39
2578 39
2579 39
2580 39
2581 39
2582 39
2583 39
2584 39
2585 39
2586 39
2587 39
2588 39
2589 39
2590 39
2591 39
2592 39
2593 39
2594 39
2595 39
2596 39
2597 39
2598 39
2599 39
2600 39
2601 39
2602 39
2603 39
2604 39
2605 39
2606 39
2607 39
2608 39
2609 39
2610 39
2611 39
2612 39
2613 39
2614 39
2615 39
2616 39
2617 39
2618 39
2619 39
2620 39
2621 39
2622 39
2623 39
2624 40
2625 40
2626 40
2627 40
2628 40
2629 40
2630 40
2631 40
2632 40
2633 40
2634 40
2635 40
2636 40
2637 40
2638 40
2639 40
2640 40
2641 40
2642 40
2643 40
2644 40
2645 40
2646 40
2647 40
2648 40
2649 40
2650 40
2651 40
2652 40
2653 40
2654 40
2655 40
2656 40
2657 40
2658 40
2659 40
2660 40
2661 40
2662 40
2663 40
2664 40
2665 40
2666 40
2667 40
2668 40
2669 40
2670 40
2671 40
2672 40
2673 40
2674 40
2675 40
2676 40
2677 40
2678 40
2679 40
2680 40
2681 40
2682 40
2683 40
2684 40
2685 40
2686 40
2687 40
2688 41
2689 41
2690 41
2691 41
2692 41
2693 41
2694 41
2695 41
2696 41
2697 41
2698 41
2699 41
2700 41
2701 41
2702 41
2703 41
2704 41
2705 41
2706 41
2707 41
2708 41
2709 41
2710 41
2711 41
2712 41
2713 41
2714 41
2715 41
2716 41
2717 41
2718 41
2719 41
2720 41
2721 41
2722 41
2723 41
2724 41
2725 41
2726 41
2727 41
2728 41
2729 41
2730 41
2731 41
2732 41
2733 41
2734 41
2735 41
2736 41
2737 41
2738 41
2739 41
2740 41
2741 41
2742 41
2743 41
2744 41
2745 41
2746 41
2747 41
2748 41
2749 41
2750 41
2751 41
2752 42
2753 42
2754 42
2755 42
2756 42
2757 42
2758 42
2759 42
2760 42
2761 42
2762 42
2763 42
2764 42
2765 42
2766 42
2767 42
2768 42
2769 42
2770 42
2771 42
2772 42
2773 42
2774 42
2775 42
2776 42
2777 42
2778 42
2779 42
2780 42
2781 42
2782 42
2783 42
2784 42
2785 42
2786 42
2787 42
2788 42
2789 42
2790 42
2791 42
2792 42
2793 42
2794 42
2795 42
2796 42
2797 42
2798 42
2799 42
2800 42
2801 42
2802 42
2803 42
2804 42
2805 42
2806 42
2807 42
2808 42
2809 42
2810 42
2811 42
2812 42
2813 42
2814 42
2815 42
2816 43
2817 43
2818 43
2819 43
2820 43
2821 43
2822 43
2823 43
2824 43
2825 43
2826 43
2827 43
2828 43
2829 43
2830 43
2831 43
2832 43
2833 43
2834 43
2835 43
2836 43
2837 43
2838 43
2839 43
2840 43
2841 43
2842 43
2843 43
2844 43
2845 43
2846 43
2847 43
2848 43
2849 43
2850 43
2851 43
2852 43
2853 43
2854 43
2855 43
2856 43
2857 43
2858 43
2859 43
2860 43
2861 43
2862 43
2863 43
2864 43
2865 43
2866 43
2867 43
2868 43
2869 43
2870 43
2871 43
2872 43
2873 43
2874 43
2875 43
2876 43
2877 43
2878 43
2879 43
2880 44
2881 44
2882 44
2883 44
2884 44
2885 44
2886 44
2887 44
2888 44
2889 44
2890 44
2891 44
2892 44
2893 44
2894 44
2895 44
2896 44
2897 44
2898 44
2899 44
2900 44
2901 44
2902 44
2903 44
2904 44
2905 44
2906 44
2907 44
2908 44
2909 44
2910 44
2911 44
2912 44
2913 44
2914 44
2915 44
2916 44
2917 44
2918 44
2919 44
2920 44
2921 44
2922 44
2923 44
2924 44
2925 44
2926 44
2927 44
2928 44
2929 44
2930 44
2931 44
2932 44
2933 44
2934 44
2935 44
2936 44
2937 44
2938 44
2939 44
2940 44
2941 44
2942 44
2943 44
2944 45
2945 45
2946 45
2947 45
2948 45
2949 45
2950 45
2951 45
2952 45
2953 45
2954 45
2955 45
2956 45
2957 45
2958 45
2959 45
2960 45
2961 45
2962 45
2963 45
2964 45
2965 45
2966 45
2967 45
2968 45
2969 45
2970 45
2971 45
2972 45
2973 45
2974 45
2975 45
2976 45
2977 45
2978 45
2979 45
2980 45
2981 45
2982 45
2983 45
2984 45
2985 45
2986 45
2987 45
2988 45
2989 45
2990 45
2991 45
2992 45
2993 45
2994 45
2995 45
2996 45
2997 45
2998 45
2999 45
3000 45
3001 45
3002 45
3003 45
3004 45
3005 45
3006 45
3007 45
3008 46
3009 46
3010 46
3011 46
3012 46
3013 46
3014 46
3015 46
3016 46
3017 46
3018 46
3019 46
3020 46
3021 46
3022 46
3023 46
3024 46
3025 46
3026 46
3027 46
3028 46
3029 46
3030 46
3031 46
3032 46
3033 46
3034 46
3035 46
3036 46
3037 46
3038 46
3039 46
3040 46
3041 46
3042 46
3043 46
3044 46
3045 46
3046 46
3047 46
3048 46
3049 46
3050 46
3051 46
3052 46
3053 46
3054 46
3055 46
3056 46
3057 46
3058 46
3059 46
3060 46
3061 46
3062 46
3063 46
3064 46
3065 46
3066 46
3067 46
3068 46
3069 46
3070 46
3071 46
3072 47
3073 47
3074 47
3075 47
3076 47
3077 47
3078 47
3079 47
3080 47
3081 47
3082 47
3083 47
3084 47
3085 47
3086 47
3087 47
3088 47
3089 47
3090 47
3091 47
3092 47
3093 47
3094 47
3095 47
3096 47
3097 47
3098 47
3099 47
3100 47
3101 47
3102 47
3103 47
3104 47
3105 47
3106 47
3107 47
3108 47
3109 47
3110 47
3111 47
3112 47
3113 47
3114 47
3115 47
3116 47
3117 47
3118 47
3119 47
3120 47
3121 47
3122 47
3123 47
3124 47
3125 47
3126 47
3127 47
3128 47
3129 47
3130 47
3131 47
3132 47
3133 47
3134 47
3135 47
3136 48
3137 48
3138 48
3139 48
3140 48
3141 48
3142 48
3143 48
3144 48
3145 48
3146 48
3147 48
3148 48
3149 48
3150 48
3151 48
3152 48
3153 48
3154 48
3155 48
3156 48
3157 48
3158 48
3159 48
3160 48
3161 48
3162 48
3163 48
3164 48
3165 48
3166 48
3167 48
3168 48
3169 48
3170 48
3171 48
3172 48
3173 48
3174 48
3175 48
3176 48
3177 48
3178 48
3179 48
3180 48
3181 48
3182 48
3183 48
3184 48
3185 48
3186 48
3187 48
3188 48
3189 48
3190 48
3191 48
3192 48
3193 48
3194 48
3195 48
3196 48
3197 48
3198 48
3199 48
3200 49
3201 49
3202 49
3203 49
3204 49
3205 49
3206 49
3207 49
3208 49
3209 49
3210 49
3211 49
3212 49
3213 49
3214 49
3215 49
3216 49
3217 49
3218 49
3219 49
3220 49
3221 49
3222 49
3223 49
3224 49
3225 49
3226 49
3227 49
3228 49
3229 49
3230 49
3231 49
3232 49
3233 49
3234 49
3235 49
3236 49
3237 49
3238 49
3239 49
3240 49
3241 49
3242 49
3243 49
3244 49
3245 49
3246 49
3247 49
3248 49
3249 49
3250 49
3251 49
3252 49
3253 49
3254 49
3255 49
3256 49
3257 49
3258 49
3259 49
3260 49
3261 49
3262 49
3263 49
