0 0
1 0
2 0
3 0
4 0
5 0
6 0
7 0
8 0
9 0
10 0
11 0
12 0
13 0
14 0
15 0
16 0
17 0
18 0
19 0
20 0
21 0
22 0
23 0
24 0
25 0
26 0
27 0
28 0
29 0
30 0
31 0
32 0
33 0
34 0
35 0
36 0
37 0
38 0
39 0
40 0
41 0
42 0
43 0
44 0
45 0
46 0
47 0
48 0
49 0
50 0
51 0
52 0
53 0
54 0
55 0
56 0
57 0
58 0
59 0
60 0
61 0
62 0
63 0
64 1
65 1
66 1
67 1
68 1
69 1
70 1
71 1
72 1
73 1
74 1
75 1
76 1
77 1
78 1
79 1
80 1
81 1
82 1
83 1
84 1
85 1
86 1
87 1
88 1
89 1
90 1
91 1
92 1
93 1
94 1
95 1
96 1
97 1
98 1
99 1
100 1
101 1
102 1
103 1
104 1
105 1
106 1
107 1
108 1
109 1
110 1
111 1
112 1
113 1
114 1
115 1
116 1
117 1
118 1
119 1
120 1
121 1
122 1
123 1
124 1
125 1
126 1
127 1
128 2
129 2
130 2
131 2
132 2
133 2
134 2
135 2
136 2
137 2
138 2
139 2
140 2
141 2
142 2
143 2
144 2
145 2
146 2
147 2
148 2
149 2
150 2
151 2
152 2
153 2
154 2
155 2
156 2
157 2
158 2
159 2
160 2
161 2
162 2
163 2
164 2
165 2
166 2
167 2
168 2
169 2
170 2
171 2
172 2
173 2
174 2
175 2
176 2
177 2
178 2
179 2
180 2
181 2
182 2
183 2
184 2
185 2
186 2
187 2
188 2
189 2
190 2
191 2
192 3
193 3
194 3
195 3
196 3
197 3
198 3
199 3
200 3
201 3
202 3
203 3
204 3
205 3
206 3
207 3
208 3
209 3
210 3
211 3
212 3
213 3
214 3
215 3
216 3
217 3
218 3
219 3
220 3
221 3
222 3
223 3
224 3
225 3
226 3
227 3
228 3
229 3
230 3
231 3
232 3
233 3
234 3
235 3
236 3
237 3
238 3
239 3
240 3
241 3
242 3
243 3
244 3
245 3
246 3
247 3
248 3
249 3
250 3
251 3
252 3
253 3
254 3
255 3
256 4
257 4
258 4
259 4
260 4
261 4
262 4
263 4
264 4
265 4
266 4
267 4
268 4
269 4
270 4
271 4
272 4
273 4
274 4
275 4
276 4
277 4
278 4
279 4
280 4
281 4
282 4
283 4
284 4
285 4
286 4
287 4
288 4
289 4
290 4
291 4
292 4
293 4
294 4
295 4
296 4
297 4
298 4
299 4
300 4
301 4
302 4
303 4
304 4
305 4
306 4
307 4
308 4
309 4
310 4
311 4
312 4
313 4
314 4
315 4
316 4
317 4
318 4
319 4
320 5
321 5
322 5
323 5
324 5
325 5
326 5
327 5
328 5
329 5
330 5
331 5
332 5
333 5
334 5
335 5
336 5
337 5
338 5
339 5
340 5
341 5
342 5
343 5
344 5
345 5
346 5
347 5
348 5
349 5
350 5
351 5
352 5
353 5
354 5
355 5
356 5
357 5
358 5
359 5
360 5
361 5
362 5
363 5
364 5
365 5
366 5
367 5
368 5
369 5
370 5
371 5
372 5
373 5
374 5
375 5
376 5
377 5
378 5
379 5
380 5
381 5
382 5
383 5
384 6
385 6
386 6
387 6
388 6
389 6
390 6
391 6
392 6
393 6
394 6
395 6
396 6
397 6
398 6
399 6
400 6
401 6
402 6
403 6
404 6
405 6
406 6
407 6
408 6
409 6
410 6
411 6
412 6
413 6
414 6
415 6
416 6
417 6
418 6
419 6
420 6
421 6
422 6
423 6
424 6
425 6
426 6
427 6
428 6
429 6
430 6
431 6
432 6
433 6
434 6
435 6
436 6
437 6
438 6
439 6
440 6
441 6
442 6
443 6
444 6
445 6
446 6
447 6
448 7
449 7
450 7
451 7
452 7
453 7
454 7
455 7
456 7
457 7
458 7
459 7
460 7
461 7
462 7
463 7
464 7
465 7
466 7
467 7
468 7
469 7
470 7
471 7
472 7
473 7
474 7
475 7
476 7
477 7
478 7
479 7
480 7
481 7
482 7
483 7
484 7
485 7
486 7
487 7
488 7
489 7
490 7
491 7
492 7
493 7
494 7
495 7
496 7
497 7
498 7
499 7
500 7
501 7
502 7
503 7
504 7
505 7
506 7
507 7
508 7
509 7
510 7
511 7
512 8
513 8
514 8
515 8
516 8
517 8
518 8
519 8
520 8
521 8
522 8
523 8
524 8
525 8
526 8
527 8
528 8
529 8
530 8
531 8
532 8
533 8
534 8
535 8
536 8
537 8
538 8
539 8
540 8
541 8
542 8
543 8
544 8
545 8
546 8
547 8
548 8
549 8
550 8
551 8
552 8
553 8
554 8
555 8
556 8
557 8
558 8
559 8
560 8
561 8
562 8
563 8
564 8
565 8
566 8
567 8
568 8
569 8
570 8
571 8
572 8
573 8
574 8
575 8
576 9
577 9
578 9
579 9
580 9
581 9
582 9
583 9
584 9
585 9
586 9
587 9
588 9
589 9
590 9
591 9
592 9
593 9
594 9
595 9
596 9
597 9
598 9
599 9
600 9
601 9
602 9
603 9
604 9
605 9
606 9
607 9
608 9
609 9
610 9
611 9
612 9
613 9
614 9
615 9
616 9
617 9
618 9
619 9
620 9
621 9
622 9
623 9
624 9
625 9
626 9
627 9
628 9
629 9
630 9
631 9
632 9
633 9
634 9
635 9
636 9
637 9
638 9
639 9
640 10
641 10
642 10
643 10
644 10
645 10
646 10
647 10
648 10
649 10
650 10
651 10
652 10
653 10
654 10
655 10
656 10
657 10
658 10
659 10
660 10
661 10
662 10
663 10
664 10
665 10
666 10
667 10
668 10
669 10
670 10
671 10
672 10
673 10
674 10
675 10
676 10
677 10
678 10
679 10
680 10
681 10
682 10
683 10
684 10
685 10
686 10
687 10
688 10
689 10
690 10
691 10
692 10
693 10
694 10
695 10
696 10
697 10
698 10
699 10
700 10
701 10
702 10
703 10
704 11
705 11
706 11
707 11
708 11
709 11
710 11
711 11
712 11
713 11
714 11
715 11
716 11
717 11
718 11
719 11
720 11
721 11
722 11
723 11
724 11
725 11
726 11
727 11
728 11
729 11
730 11
731 11
732 11
733 11
734 11
735 11
736 11
737 11
738 11
739 11
740 11
741 11
742 11
743 11
744 11
745 11
746 11
747 11
748 11
749 11
750 11
751 11
752 11
753 11
754 11
755 11
756 11
757 11
758 11
759 11
760 11
761 11
762 11
763 11
764 11
765 11
766 11
767 11
768 12
769 12
770 12
771 12
772 12
773 12
774 12
775 12
776 12
777 12
778 12
779 12
780 12
781 12
782 12
783 12
784 12
785 12
786 12
787 12
788 12
789 12
790 12
791 12
792 12
793 12
794 12
795 12
796 12
797 12
798 12
799 12
800 12
801 12
802 12
803 12
804 12
805 12
806 12
807 12
808 12
809 12
810 12
811 12
812 12
813 12
814 12
815 12
816 12
817 12
818 12
819 12
820 12
821 12
822 12
823 12
824 12
825 12
826 12
827 12
828 12
829 12
830 12
831 12
832 13
833 13
834 13
835 13
836 13
837 13
838 13
839 13
840 13
841 13
842 13
843 13
844 13
845 13
846 13
847 13
848 13
849 13
850 13
851 13
852 13
853 13
854 13
855 13
856 13
857 13
858 13
859 13
860 13
861 13
862 13
863 13
864 13
865 13
866 13
867 13
868 13
869 13
870 13
871 13
872 13
873 13
874 13
875 13
876 13
877 13
878 13
879 13
880 13
881 13
882 13
883 13
884 13
885 13
886 13
887 13
888 13
889 13
890 13
891 13
892 13
893 13
894 13
895 13
896 14
897 14
898 14
899 14
900 14
901 14
902 14
903 14
904 14
905 14
906 14
907 14
908 14
909 14
910 14
911 14
912 14
913 14
914 14
915 14
916 14
917 14
918 14
919 14
920 14
921 14
922 14
923 14
924 14
925 14
926 14
927 14
928 14
929 14
930 14
931 14
932 14
933 14
934 14
935 14
936 14
937 14
938 14
939 14
940 14
941 14
942 14
943 14
944 14
945 14
946 14
947 14
948 14
949 14
950 14
951 14
952 14
953 14
954 14
955 14
956 14
957 14
958 14
959 14
960 15
961 15
962 15
963 15
964 15
965 15
966 15
967 15
968 15
969 15
970 15
971 15
972 15
973 15
974 15
975 15
976 15
977 15
978 15
979 15
980 15
981 15
982 15
983 15
984 15
985 15
986 15
987 15
988 15
989 15
990 15
991 15
992 15
993 15
994 15
995 15
996 15
997 15
998 15
999 15
1000 15
1001 15
1002 15
1003 15
1004 15
1005 15
1006 15
1007 15
1008 15
1009 15
1010 15
1011 15
1012 15
1013 15
1014 15
1015 15
1016 15
1017 15
1018 15
1019 15
1020 15
1021 15
1022 15
1023 15
1024 16
1025 16
1026 16
1027 16
1028 16
1029 16
1030 16
1031 16
1032 16
1033 16
1034 16
1035 16
1036 16
1037 16
1038 16
1039 16
1040 16
1041 16
1042 16
1043 16
1044 16
1045 16
1046 16
1047 16
1048 16
1049 16
1050 16
1051 16
1052 16
1053 16
1054 16
1055 16
1056 16
1057 16
1058 16
1059 16
1060 16
1061 16
1062 16
1063 16
1064 16
1065 16
1066 16
1067 16
1068 16
1069 16
1070 16
1071 16
1072 16
1073 16
1074 16
1075 16
1076 16
1077 16
1078 16
1079 16
1080 16
1081 16
1082 16
1083 16
1084 16
1085 16
1086 16
1087 16
1088 17
1089 17
1090 17
1091 17
1092 17
1093 17
1094 17
1095 17
1096 17
1097 17
1098 17
1099 17
1100 17
1101 17
1102 17
1103 17
1104 17
1105 17
1106 17
1107 17
1108 17
1109 17
1110 17
1111 17
1112 17
1113 17
1114 17
1115 17
1116 17
1117 17
1118 17
1119 17
1120 17
1121 17
1122 17
1123 17
1124 17
1125 17
1126 17
1127 17
1128 17
1129 17
1130 17
1131 17
1132 17
1133 17
1134 17
1135 17
1136 17
1137 17
1138 17
1139 17
1140 17
1141 17
1142 17
1143 17
1144 17
1145 17
1146 17
1147 17
1148 17
1149 17
1150 17
1151 17
1152 18
1153 18
1154 18
1155 18
1156 18
1157 18
1158 18
1159 18
1160 18
1161 18
1162 18
1163 18
1164 18
1165 18
1166 18
1167 18
1168 18
1169 18
1170 18
1171 18
1172 18
1173 18
1174 18
1175 18
1176 18
1177 18
1178 18
1179 18
1180 18
1181 18
1182 18
1183 18
1184 18
1185 18
1186 18
1187 18
1188 18
1189 18
1190 18
1191 18
1192 18
1193 18
1194 18
1195 18
1196 18
1197 18
1198 18
1199 18
1200 18
1201 18
1202 18
1203 18
1204 18
1205 18
1206 18
1207 18
1208 18
1209 18
1210 18
1211 18
1212 18
1213 18
1214 18
1215 18
1216 19
1217 19
1218 19
1219 19
1220 19
1221 19
1222 19
1223 19
1224 19
1225 19
1226 19
1227 19
1228 19
1229 19
1230 19
1231 19
1232 19
1233 19
1234 19
1235 19
1236 19
1237 19
1238 19
1239 19
1240 19
1241 19
1242 19
1243 19
1244 19
1245 19
1246 19
1247 19
1248 19
1249 19
1250 19
1251 19
1252 19
1253 19
1254 19
1255 19
1256 19
1257 19
1258 19
1259 19
1260 19
1261 19
1262 19
1263 19
1264 19
1265 19
1266 19
1267 19
1268 19
1269 19
1270 19
1271 19
1272 19
1273 19
1274 19
1275 19
1276 19
1277 19
1278 19
1279 19
1280 20
1281 20
1282 20
1283 20
1284 20
1285 20
1286 20
1287 20
1288 20
1289 20
1290 20
1291 20
1292 20
1293 20
1294 20
1295 20
1296 20
1297 20
1298 20
1299 20
1300 20
1301 20
1302 20
1303 20
1304 20
1305 20
1306 20
1307 20
1308 20
1309 20
1310 20
1311 20
1312 20
1313 20
1314 20
1315 20
1316 20
1317 20
1318 20
1319 20
1320 20
1321 20
1322 20
1323 20
1324 20
1325 20
1326 20
1327 20
1328 20
1329 20
1330 20
1331 20
1332 20
1333 20
1334 20
1335 20
1336 20
1337 20
1338 20
1339 20
1340 20
1341 20
1342 20
1343 20
1344 18
1345 18
1346 18
1347 18
1348 18
1349 18
1350 18
1351 18
1352 18
1353 18
1354 18
1355 18
1356 18
1357 18
1358 18
1359 18
1360 18
1361 18
1362 18
1363 18
1364 18
1365 18
1366 18
1367 18
1368 18
1369 18
1370 18
1371 18
1372 18
1373 18
1374 18
1375 18
1376 18
1377 18
1378 18
1379 18
1380 18
1381 18
1382 18
1383 18
1384 18
1385 18
1386 18
1387 18
1388 18
1389 18
1390 18
1391 18
1392 18
1393 18
1394 18
1395 18
1396 18
1397 18
1398 18
1399 18
1400 18
1401 18
1402 18
1403 18
1404 18
1405 18
1406 18
1407 18
1408 21
1409 21
1410 21
1411 21
1412 21
1413 21
1414 21
1415 21
1416 21
1417 21
1418 21
1419 21
1420 21
1421 21
1422 21
1423 21
1424 21
1425 21
1426 21
1427 21
1428 21
1429 21
1430 21
1431 21
1432 21
1433 21
1434 21
1435 21
1436 21
1437 21
1438 21
1439 21
1440 21
1441 21
1442 21
1443 21
1444 21
1445 21
1446 21
1447 21
1448 21
1449 21
1450 21
1451 21
1452 21
1453 21
1454 21
1455 21
1456 21
1457 21
1458 21
1459 21
1460 21
1461 21
1462 21
1463 21
1464 21
1465 21
1466 21
1467 21
1468 21
1469 21
1470 21
1471 21
1472 18
1473 18
1474 18
1475 18
1476 18
1477 18
1478 18
1479 18
1480 18
1481 18
1482 18
1483 18
1484 18
1485 18
1486 18
1487 18
1488 18
1489 18
1490 18
1491 18
1492 18
1493 18
1494 18
1495 18
1496 18
1497 18
1498 18
1499 18
1500 18
1501 18
1502 18
1503 18
1504 18
1505 18
1506 18
1507 18
1508 18
1509 18
1510 18
1511 18
1512 18
1513 18
1514 18
1515 18
1516 18
1517 18
1518 18
1519 18
1520 18
1521 18
1522 18
1523 18
1524 18
1525 18
1526 18
1527 18
1528 18
1529 18
1530 18
1531 18
1532 18
1533 18
1534 18
1535 18
1536 22
1537 22
1538 22
1539 22
1540 22
1541 22
1542 22
1543 22
1544 22
1545 22
1546 22
1547 22
1548 22
1549 22
1550 22
1551 22
1552 22
1553 22
1554 22
1555 22
1556 22
1557 22
1558 22
1559 22
1560 22
1561 22
1562 22
1563 22
1564 22
1565 22
1566 22
1567 22
1568 22
1569 22
1570 22
1571 22
1572 22
1573 22
1574 22
1575 22
1576 22
1577 22
1578 22
1579 22
1580 22
1581 22
1582 22
1583 22
1584 22
1585 22
1586 22
1587 22
1588 22
1589 22
1590 22
1591 22
1592 22
1593 22
1594 22
1595 22
1596 22
1597 22
1598 22
1599 22
1600 23
1601 23
1602 23
1603 23
1604 23
1605 23
1606 23
1607 23
1608 23
1609 23
1610 23
1611 23
1612 23
1613 23
1614 23
1615 23
1616 23
1617 23
1618 23
1619 23
1620 23
1621 23
1622 23
1623 23
1624 23
1625 23
1626 23
1627 23
1628 23
1629 23
1630 23
1631 23
1632 23
1633 23
1634 23
1635 23
1636 23
1637 23
1638 23
1639 23
1640 23
1641 23
1642 23
1643 23
1644 23
1645 23
1646 23
1647 23
1648 23
1649 23
1650 23
1651 23
1652 23
1653 23
1654 23
1655 23
1656 23
1657 23
1658 23
1659 23
1660 23
1661 23
1662 23
1663 23
1664 18
1665 18
1666 18
1667 18
1668 18
1669 18
1670 18
1671 18
1672 18
1673 18
1674 18
1675 18
1676 18
1677 18
1678 18
1679 18
1680 18
1681 18
1682 18
1683 18
1684 18
1685 18
1686 18
1687 18
1688 18
1689 18
1690 18
1691 18
1692 18
1693 18
1694 18
1695 18
1696 18
1697 18
1698 18
1699 18
1700 18
1701 18
1702 18
1703 18
1704 18
1705 18
1706 18
1707 18
1708 18
1709 18
1710 18
1711 18
1712 18
1713 18
1714 18
1715 18
1716 18
1717 18
1718 18
1719 18
1720 18
1721 18
1722 18
1723 18
1724 18
1725 18
1726 18
1727 18
1728 24
1729 24
1730 24
1731 24
1732 24
1733 24
1734 24
1735 24
1736 24
1737 24
1738 24
1739 24
1740 24
1741 24
1742 24
1743 24
1744 24
1745 24
1746 24
1747 24
1748 24
1749 24
1750 24
1751 24
1752 24
1753 24
1754 24
1755 24
1756 24
1757 24
1758 24
1759 24
1760 24
1761 24
1762 24
1763 24
1764 24
1765 24
1766 24
1767 24
1768 24
1769 24
1770 24
1771 24
1772 24
1773 24
1774 24
1775 24
1776 24
1777 24
1778 24
1779 24
1780 24
1781 24
1782 24
1783 24
1784 24
1785 24
1786 24
1787 24
1788 24
1789 24
1790 24
1791 24
1792 25
1793 25
1794 25
1795 25
1796 25
1797 25
1798 25
1799 25
1800 25
1801 25
1802 25
1803 25
1804 25
1805 25
1806 25
1807 25
1808 25
1809 25
1810 25
1811 25
1812 25
1813 25
1814 25
1815 25
1816 25
1817 25
1818 25
1819 25
1820 25
1821 25
1822 25
1823 25
1824 25
1825 25
1826 25
1827 25
1828 25
1829 25
1830 25
1831 25
1832 25
1833 25
1834 25
1835 25
1836 25
1837 25
1838 25
1839 25
1840 25
1841 25
1842 25
1843 25
1844 25
1845 25
1846 25
1847 25
1848 25
1849 25
1850 25
1851 25
1852 25
1853 25
1854 25
1855 25
1856 26
1857 26
1858 26
1859 26
1860 26
1861 26
1862 26
1863 26
1864 26
1865 26
1866 26
1867 26
1868 26
1869 26
1870 26
1871 26
1872 26
1873 26
1874 26
1875 26
1876 26
1877 26
1878 26
1879 26
1880 26
1881 26
1882 26
1883 26
1884 26
1885 26
1886 26
1887 26
1888 26
1889 26
1890 26
1891 26
1892 26
1893 26
1894 26
1895 26
1896 26
1897 26
1898 26
1899 26
1900 26
1901 26
1902 26
1903 26
1904 26
1905 26
1906 26
1907 26
1908 26
1909 26
1910 26
1911 26
1912 26
1913 26
1914 26
1915 26
1916 26
1917 26
1918 26
1919 26
1920 27
1921 27
1922 27
1923 27
1924 27
1925 27
1926 27
1927 27
1928 27
1929 27
1930 27
1931 27
1932 27
1933 27
1934 27
1935 27
1936 27
1937 27
1938 27
1939 27
1940 27
1941 27
1942 27
1943 27
1944 27
1945 27
1946 27
1947 27
1948 27
1949 27
1950 27
1951 27
1952 27
1953 27
1954 27
1955 27
1956 27
1957 27
1958 27
1959 27
1960 27
1961 27
1962 27
1963 27
1964 27
1965 27
1966 27
1967 27
1968 27
1969 27
1970 27
1971 27
1972 27
1973 27
1974 27
1975 27
1976 27
1977 27
1978 27
1979 27
1980 27
1981 27
1982 27
1983 27
1984 28
1985 28
1986 28
1987 28
1988 28
1989 28
1990 28
1991 28
1992 28
1993 28
1994 28
1995 28
1996 28
1997 28
1998 28
1999 28
2000 28
2001 28
2002 28
2003 28
2004 28
2005 28
2006 28
2007 28
2008 28
2009 28
2010 28
2011 28
2012 28
2013 28
2014 28
2015 28
2016 28
2017 28
2018 28
2019 28
2020 28
2021 28
2022 28
2023 28
2024 28
2025 28
2026 28
2027 28
2028 28
2029 28
2030 28
2031 28
2032 28
2033 28
2034 28
2035 28
2036 28
2037 28
2038 28
2039 28
2040 28
2041 28
2042 28
2043 28
2044 28
2045 28
2046 28
2047 28
2048 29
2049 29
2050 29
2051 29
2052 29
2053 29
2054 29
2055 29
2056 29
2057 29
2058 29
2059 29
2060 29
2061 29
2062 29
2063 29
2064 29
2065 29
2066 29
2067 29
2068 29
2069 29
2070 29
2071 29
2072 29
2073 29
2074 29
2075 29
2076 29
2077 29
2078 29
2079 29
2080 29
2081 29
2082 29
2083 29
2084 29
2085 29
2086 29
2087 29
2088 29
2089 29
2090 29
2091 29
2092 29
2093 29
2094 29
2095 29
2096 29
2097 29
2098 29
2099 29
2100 29
2101 29
2102 29
2103 29
2104 29
2105 29
2106 29
2107 29
2108 29
2109 29
2110 29
2111 29
2112 30
2113 30
2114 30
2115 30
2116 30
2117 30
2118 30
2119 30
2120 30
2121 30
2122 30
2123 30
2124 30
2125 30
2126 30
2127 30
2128 30
2129 30
2130 30
2131 30
2132 30
2133 30
2134 30
2135 30
2136 30
2137 30
2138 30
2139 30
2140 30
2141 30
2142 30
2143 30
2144 30
2145 30
2146 30
2147 30
2148 30
2149 30
2150 30
2151 30
2152 30
2153 30
2154 30
2155 30
2156 30
2157 30
2158 30
2159 30
2160 30
2161 30
2162 30
2163 30
2164 30
2165 30
2166 30
2167 30
2168 30
2169 30
2170 30
2171 30
2172 30
2173 30
2174 30
2175 30
2176 31
2177 31
2178 31
2179 31
2180 31
2181 31
2182 31
2183 31
2184 31
2185 31
2186 31
2187 31
2188 31
2189 31
2190 31
2191 31
2192 31
2193 31
2194 31
2195 31
2196 31
2197 31
2198 31
2199 31
2200 31
2201 31
2202 31
2203 31
2204 31
2205 31
2206 31
2207 31
2208 31
2209 31
2210 31
2211 31
2212 31
2213 31
2214 31
2215 31
2216 31
2217 31
2218 31
2219 31
2220 31
2221 31
2222 31
2223 31
2224 31
2225 31
2226 31
2227 31
2228 31
2229 31
2230 31
2231 31
2232 31
2233 31
2234 31
2235 31
2236 31
2237 31
2238 31
2239 31
2240 32
2241 32
2242 32
2243 32
2244 32
2245 32
2246 32
2247 32
2248 32
2249 32
2250 32
2251 32
2252 32
2253 32
2254 32
2255 32
2256 32
2257 32
2258 32
2259 32
2260 32
2261 32
2262 32
2263 32
2264 32
2265 32
2266 32
2267 32
2268 32
2269 32
2270 32
2271 32
2272 32
2273 32
2274 32
2275 32
2276 32
2277 32
2278 32
2279 32
2280 32
2281 32
2282 32
2283 32
2284 32
2285 32
2286 32
2287 32
2288 32
2289 32
2290 32
2291 32
2292 32
2293 32
2294 32
2295 32
2296 32
2297 32
2298 32
2299 32
2300 32
2301 32
2302 32
2303 32
2304 28
2305 28
2306 28
2307 28
2308 28
2309 28
2310 28
2311 28
2312 28
2313 28
2314 28
2315 28
2316 28
2317 28
2318 28
2319 28
2320 28
2321 28
2322 28
2323 28
2324 28
2325 28
2326 28
2327 28
2328 28
2329 28
2330 28
2331 28
2332 28
2333 28
2334 28
2335 28
2336 28
2337 28
2338 28
2339 28
2340 28
2341 28
2342 28
2343 28
2344 28
2345 28
2346 28
2347 28
2348 28
2349 28
2350 28
2351 28
2352 28
2353 28
2354 28
2355 28
2356 28
2357 28
2358 28
2359 28
2360 28
2361 28
2362 28
2363 28
2364 28
2365 28
2366 28
2367 28
2368 33
2369 33
2370 33
2371 33
2372 33
2373 33
2374 33
2375 33
2376 33
2377 33
2378 33
2379 33
2380 33
2381 33
2382 33
2383 33
2384 33
2385 33
2386 33
2387 33
2388 33
2389 33
2390 33
2391 33
2392 33
2393 33
2394 33
2395 33
2396 33
2397 33
2398 33
2399 33
2400 33
2401 33
2402 33
2403 33
2404 33
2405 33
2406 33
2407 33
2408 33
2409 33
2410 33
2411 33
2412 33
2413 33
2414 33
2415 33
2416 33
2417 33
2418 33
2419 33
2420 33
2421 33
2422 33
2423 33
2424 33
2425 33
2426 33
2427 33
2428 33
2429 33
2430 33
2431 33
2432 34
2433 34
2434 34
2435 34
2436 34
2437 34
2438 34
2439 34
2440 34
2441 34
2442 34
2443 34
2444 34
2445 34
2446 34
2447 34
2448 34
2449 34
2450 34
2451 34
2452 34
2453 34
2454 34
2455 34
2456 34
2457 34
2458 34
2459 34
2460 34
2461 34
2462 34
2463 34
2464 34
2465 34
2466 34
2467 34
2468 34
2469 34
2470 34
2471 34
2472 34
2473 34
2474 34
2475 34
2476 34
2477 34
2478 34
2479 34
2480 34
2481 34
2482 34
2483 34
2484 34
2485 34
2486 34
2487 34
2488 34
2489 34
2490 34
2491 34
2492 34
2493 34
2494 34
2495 34
2496 35
2497 35
2498 35
2499 35
2500 35
2501 35
2502 35
2503 35
2504 35
2505 35
2506 35
2507 35
2508 35
2509 35
2510 35
2511 35
2512 35
2513 35
2514 35
2515 35
2516 35
2517 35
2518 35
2519 35
2520 35
2521 35
2522 35
2523 35
2524 35
2525 35
2526 35
2527 35
2528 35
2529 35
2530 35
2531 35
2532 35
2533 35
2534 35
2535 35
2536 35
2537 35
2538 35
2539 35
2540 35
2541 35
2542 35
2543 35
2544 35
2545 35
2546 35
2547 35
2548 35
2549 35
2550 35
2551 35
2552 35
2553 35
2554 35
2555 35
2556 35
2557 35
2558 35
2559 35
2560 36
2561 36
2562 36
2563 36
2564 36
2565 36
2566 36
2567 36
2568 36
2569 36
2570 36
2571 36
2572 36
2573 36
2574 36
2575 36
2576 36
2577 36
2578 36
2579 36
2580 36
2581 36
2582 36
2583 36
2584 36
2585 36
2586 36
2587 36
2588 36
2589 36
2590 36
2591 36
2592 36
2593 36
2594 36
2595 36
2596 36
2597 36
2598 36
2599 36
2600 36
2601 36
2602 36
2603 36
2604 36
2605 36
2606 36
2607 36
2608 36
2609 36
2610 36
2611 36
2612 36
2613 36
2614 36
2615 36
2616 36
2617 36
2618 36
2619 36
2620 36
2621 36
2622 36
2623 36
2624 37
2625 37
2626 37
2627 37
2628 37
2629 37
2630 37
2631 37
2632 37
2633 37
2634 37
2635 37
2636 37
2637 37
2638 37
2639 37
2640 37
2641 37
2642 37
2643 37
2644 37
2645 37
2646 37
2647 37
2648 37
2649 37
2650 37
2651 37
2652 37
2653 37
2654 37
2655 37
2656 37
2657 37
2658 37
2659 37
2660 37
2661 37
2662 37
2663 37
2664 37
2665 37
2666 37
2667 37
2668 37
2669 37
2670 37
2671 37
2672 37
2673 37
2674 37
2675 37
2676 37
2677 37
2678 37
2679 37
2680 37
2681 37
2682 37
2683 37
2684 37
2685 37
2686 37
2687 37
2688 38
2689 38
2690 38
2691 38
2692 38
2693 38
2694 38
2695 38
2696 38
2697 38
2698 38
2699 38
2700 38
2701 38
2702 38
2703 38
2704 38
2705 38
2706 38
2707 38
2708 38
2709 38
2710 38
2711 38
2712 38
2713 38
2714 38
2715 38
2716 38
2717 38
2718 38
2719 38
2720 38
2721 38
2722 38
2723 38
2724 38
2725 38
2726 38
2727 38
2728 38
2729 38
2730 38
2731 38
2732 38
2733 38
2734 38
2735 38
2736 38
2737 38
2738 38
2739 38
2740 38
2741 38
2742 38
2743 38
2744 38
2745 38
2746 38
2747 38
2748 38
2749 38
2750 38
2751 38
2752 39
2753 39
2754 39
2755 39
2756 39
2757 39
2758 39
2759 39
2760 39
2761 39
2762 39
2763 39
2764 39
2765 39
2766 39
2767 39
2768 39
2769 39
2770 39
2771 39
2772 39
2773 39
2774 39
2775 39
2776 39
2777 39
2778 39
2779 39
2780 39
2781 39
2782 39
2783 39
2784 39
2785 39
2786 39
2787 39
2788 39
2789 39
2790 39
2791 39
2792 39
2793 39
2794 39
2795 39
2796 39
2797 39
2798 39
2799 39
2800 39
2801 39
2802 39
2803 39
2804 39
2805 39
2806 39
2807 39
2808 39
2809 39
2810 39
2811 39
2812 39
2813 39
2814 39
2815 39
2816 40
2817 40
2818 40
2819 40
2820 40
2821 40
2822 40
2823 40
2824 40
2825 40
2826 40
2827 40
2828 40
2829 40
2830 40
2831 40
2832 40
2833 40
2834 40
2835 40
2836 40
2837 40
2838 40
2839 40
2840 40
2841 40
2842 40
2843 40
2844 40
2845 40
2846 40
2847 40
2848 40
2849 40
2850 40
2851 40
2852 40
2853 40
2854 40
2855 40
2856 40
2857 40
2858 40
2859 40
2860 40
2861 40
2862 40
2863 40
2864 40
2865 40
2866 40
2867 40
2868 40
2869 40
2870 40
2871 40
2872 40
2873 40
2874 40
2875 40
2876 40
2877 40
2878 40
2879 40
2880 41
2881 41
2882 41
2883 41
2884 41
2885 41
2886 41
2887 41
2888 41
2889 41
2890 41
2891 41
2892 41
2893 41
2894 41
2895 41
2896 41
2897 41
2898 41
2899 41
2900 41
2901 41
2902 41
2903 41
2904 41
2905 41
2906 41
2907 41
2908 41
2909 41
2910 41
2911 41
2912 41
2913 41
2914 41
2915 41
2916 41
2917 41
2918 41
2919 41
2920 41
2921 41
2922 41
2923 41
2924 41
2925 41
2926 41
2927 41
2928 41
2929 41
2930 41
2931 41
2932 41
2933 41
2934 41
2935 41
2936 41
2937 41
2938 41
2939 41
2940 41
2941 41
2942 41
2943 41
2944 42
2945 42
2946 42
2947 42
2948 42
2949 42
2950 42
2951 42
2952 42
2953 42
2954 42
2955 42
2956 42
2957 42
2958 42
2959 42
2960 42
2961 42
2962 42
2963 42
2964 42
2965 42
2966 42
2967 42
2968 42
2969 42
2970 42
2971 42
2972 42
2973 42
2974 42
2975 42
2976 42
2977 42
2978 42
2979 42
2980 42
2981 42
2982 42
2983 42
2984 42
2985 42
2986 42
2987 42
2988 42
2989 42
2990 42
2991 42
2992 42
2993 42
2994 42
2995 42
2996 42
2997 42
2998 42
2999 42
3000 42
3001 42
3002 42
3003 42
3004 42
3005 42
3006 42
3007 42
3008 43
3009 43
3010 43
3011 43
3012 43
3013 43
3014 43
3015 43
3016 43
3017 43
3018 43
3019 43
3020 43
3021 43
3022 43
3023 43
3024 43
3025 43
3026 43
3027 43
3028 43
3029 43
3030 43
3031 43
3032 43
3033 43
3034 43
3035 43
3036 43
3037 43
3038 43
3039 43
3040 43
3041 43
3042 43
3043 43
3044 43
3045 43
3046 43
3047 43
3048 43
3049 43
3050 43
3051 43
3052 43
3053 43
3054 43
3055 43
3056 43
3057 43
3058 43
3059 43
3060 43
3061 43
3062 43
3063 43
3064 43
3065 43
3066 43
3067 43
3068 43
3069 43
3070 43
3071 43
3072 44
3073 44
3074 44
3075 44
3076 44
3077 44
3078 44
3079 44
3080 44
3081 44
3082 44
3083 44
3084 44
3085 44
3086 44
3087 44
3088 44
3089 44
3090 44
3091 44
3092 44
3093 44
3094 44
3095 44
3096 44
3097 44
3098 44
3099 44
3100 44
3101 44
3102 44
3103 44
3104 44
3105 44
3106 44
3107 44
3108 44
3109 44
3110 44
3111 44
3112 44
3113 44
3114 44
3115 44
3116 44
3117 44
3118 44
3119 44
3120 44
3121 44
3122 44
3123 44
3124 44
3125 44
3126 44
3127 44
3128 44
3129 44
3130 44
3131 44
3132 44
3133 44
3134 44
3135 44
3136 45
3137 45
3138 45
3139 45
3140 45
3141 45
3142 45
3143 45
3144 45
3145 45
3146 45
3147 45
3148 45
3149 45
3150 45
3151 45
3152 45
3153 45
3154 45
3155 45
3156 45
3157 45
3158 45
3159 45
3160 45
3161 45
3162 45
3163 45
3164 45
3165 45
3166 45
3167 45
3168 45
3169 45
3170 45
3171 45
3172 45
3173 45
3174 45
3175 45
3176 45
3177 45
3178 45
3179 45
3180 45
3181 45
3182 45
3183 45
3184 45
3185 45
3186 45
3187 45
3188 45
3189 45
3190 45
3191 45
3192 45
3193 45
3194 45
3195 45
3196 45
3197 45
3198 45
3199 45
3200 46
3201 46
3202 46
3203 46
3204 46
3205 46
3206 46
3207 46
3208 46
3209 46
3210 46
3211 46
3212 46
3213 46
3214 46
3215 46
3216 46
3217 46
3218 46
3219 46
3220 46
3221 46
3222 46
3223 46
3224 46
3225 46
3226 46
3227 46
3228 46
3229 46
3230 46
3231 46
3232 46
3233 46
3234 46
3235 46
3236 46
3237 46
3238 46
3239 46
3240 46
3241 46
3242 46
3243 46
3244 46
3245 46
3246 46
3247 46
3248 46
3249 46
3250 46
3251 46
3252 46
3253 46
3254 46
3255 46
3256 46
3257 46
3258 46
3259 46
3260 46
3261 46
3262 46
3263 46
3264 31
3265 31
3266 31
3267 31
3268 31
3269 31
3270 31
3271 31
3272 31
3273 31
3274 31
3275 31
3276 31
3277 31
3278 31
3279 31
3280 31
3281 31
3282 31
3283 31
3284 31
3285 31
3286 31
3287 31
3288 31
3289 31
3290 31
3291 31
3292 31
3293 31
3294 31
3295 31
3296 31
3297 31
3298 31
3299 31
3300 31
3301 31
3302 31
3303 31
3304 31
3305 31
3306 31
3307 31
3308 31
3309 31
3310 31
3311 31
3312 31
3313 31
3314 31
3315 31
3316 31
3317 31
3318 31
3319 31
3320 31
3321 31
3322 31
3323 31
3324 31
3325 31
3326 31
3327 31
3328 47
3329 47
3330 47
3331 47
3332 47
3333 47
3334 47
3335 47
3336 47
3337 47
3338 47
3339 47
3340 47
3341 47
3342 47
3343 47
3344 47
3345 47
3346 47
3347 47
3348 47
3349 47
3350 47
3351 47
3352 47
3353 47
3354 47
3355 47
3356 47
3357 47
3358 47
3359 47
3360 47
3361 47
3362 47
3363 47
3364 47
3365 47
3366 47
3367 47
3368 47
3369 47
3370 47
3371 47
3372 47
3373 47
3374 47
3375 47
3376 47
3377 47
3378 47
3379 47
3380 47
3381 47
3382 47
3383 47
3384 47
3385 47
3386 47
3387 47
3388 47
3389 47
3390 47
3391 47
3392 18
3393 18
3394 18
3395 18
3396 18
3397 18
3398 18
3399 18
3400 18
3401 18
3402 18
3403 18
3404 18
3405 18
3406 18
3407 18
3408 18
3409 18
3410 18
3411 18
3412 18
3413 18
3414 18
3415 18
3416 18
3417 18
3418 18
3419 18
3420 18
3421 18
3422 18
3423 18
3424 18
3425 18
3426 18
3427 18
3428 18
3429 18
3430 18
3431 18
3432 18
3433 18
3434 18
3435 18
3436 18
3437 18
3438 18
3439 18
3440 18
3441 18
3442 18
3443 18
3444 18
3445 18
3446 18
3447 18
3448 18
3449 18
3450 18
3451 18
3452 18
3453 18
3454 18
3455 18
3456 48
3457 48
3458 48
3459 48
3460 48
3461 48
3462 48
3463 48
3464 48
3465 48
3466 48
3467 48
3468 48
3469 48
3470 48
3471 48
3472 48
3473 48
3474 48
3475 48
3476 48
3477 48
3478 48
3479 48
3480 48
3481 48
3482 48
3483 48
3484 48
3485 48
3486 48
3487 48
3488 48
3489 48
3490 48
3491 48
3492 48
3493 48
3494 48
3495 48
3496 48
3497 48
3498 48
3499 48
3500 48
3501 48
3502 48
3503 48
3504 48
3505 48
3506 48
3507 48
3508 48
3509 48
3510 48
3511 48
3512 48
3513 48
3514 48
3515 48
3516 48
3517 48
3518 48
3519 48
3520 49
3521 49
3522 49
3523 49
3524 49
3525 49
3526 49
3527 49
3528 49
3529 49
3530 49
3531 49
3532 49
3533 49
3534 49
3535 49
3536 49
3537 49
3538 49
3539 49
3540 49
3541 49
3542 49
3543 49
3544 49
3545 49
3546 49
3547 49
3548 49
3549 49
3550 49
3551 49
3552 49
3553 49
3554 49
3555 49
3556 49
3557 49
3558 49
3559 49
3560 49
3561 49
3562 49
3563 49
3564 49
3565 49
3566 49
3567 49
3568 49
3569 49
3570 49
3571 49
3572 49
3573 49
3574 49
3575 49
3576 49
3577 49
3578 49
3579 49
3580 49
3581 49
3582 49
3583 49
3584 50
3585 50
3586 50
3587 50
3588 50
3589 50
3590 50
3591 50
3592 50
3593 50
3594 50
3595 50
3596 50
3597 50
3598 50
3599 50
3600 50
3601 50
3602 50
3603 50
3604 50
3605 50
3606 50
3607 50
3608 50
3609 50
3610 50
3611 50
3612 50
3613 50
3614 50
3615 50
3616 50
3617 50
3618 50
3619 50
3620 50
3621 50
3622 50
3623 50
3624 50
3625 50
3626 50
3627 50
3628 50
3629 50
3630 50
3631 50
3632 50
3633 50
3634 50
3635 50
3636 50
3637 50
3638 50
3639 50
3640 50
3641 50
3642 50
3643 50
3644 50
3645 50
3646 50
3647 50
3648 51
3649 51
3650 51
3651 51
3652 51
3653 51
3654 51
3655 51
3656 51
3657 51
3658 51
3659 51
3660 51
3661 51
3662 51
3663 51
3664 51
3665 51
3666 51
3667 51
3668 51
3669 51
3670 51
3671 51
3672 51
3673 51
3674 51
3675 51
3676 51
3677 51
3678 51
3679 51
3680 51
3681 51
3682 51
3683 51
3684 51
3685 51
3686 51
3687 51
3688 51
3689 51
3690 51
3691 51
3692 51
3693 51
3694 51
3695 51
3696 51
3697 51
3698 51
3699 51
3700 51
3701 51
3702 51
3703 51
3704 51
3705 51
3706 51
3707 51
3708 51
3709 51
3710 51
3711 51
3712 52
3713 52
3714 52
3715 52
3716 52
3717 52
3718 52
3719 52
3720 52
3721 52
3722 52
3723 52
3724 52
3725 52
3726 52
3727 52
3728 52
3729 52
3730 52
3731 52
3732 52
3733 52
3734 52
3735 52
3736 52
3737 52
3738 52
3739 52
3740 52
3741 52
3742 52
3743 52
3744 52
3745 52
3746 52
3747 52
3748 52
3749 52
3750 52
3751 52
3752 52
3753 52
3754 52
3755 52
3756 52
3757 52
3758 52
3759 52
3760 52
3761 52
3762 52
3763 52
3764 52
3765 52
3766 52
3767 52
3768 52
3769 52
3770 52
3771 52
3772 52
3773 52
3774 52
3775 52
3776 53
3777 53
3778 53
3779 53
3780 53
3781 53
3782 53
3783 53
3784 53
3785 53
3786 53
3787 53
3788 53
3789 53
3790 53
3791 53
3792 53
3793 53
3794 53
3795 53
3796 53
3797 53
3798 53
3799 53
3800 53
3801 53
3802 53
3803 53
3804 53
3805 53
3806 53
3807 53
3808 53
3809 53
3810 53
3811 53
3812 53
3813 53
3814 53
3815 53
3816 53
3817 53
3818 53
3819 53
3820 53
3821 53
3822 53
3823 53
3824 53
3825 53
3826 53
3827 53
3828 53
3829 53
3830 53
3831 53
3832 53
3833 53
3834 53
3835 53
3836 53
3837 53
3838 53
3839 53
3840 18
3841 18
3842 18
3843 18
3844 18
3845 18
3846 18
3847 18
3848 18
3849 18
3850 18
3851 18
3852 18
3853 18
3854 18
3855 18
3856 18
3857 18
3858 18
3859 18
3860 18
3861 18
3862 18
3863 18
3864 18
3865 18
3866 18
3867 18
3868 18
3869 18
3870 18
3871 18
3872 18
3873 18
3874 18
3875 18
3876 18
3877 18
3878 18
3879 18
3880 18
3881 18
3882 18
3883 18
3884 18
3885 18
3886 18
3887 18
3888 18
3889 18
3890 18
3891 18
3892 18
3893 18
3894 18
3895 18
3896 18
3897 18
3898 18
3899 18
3900 18
3901 18
3902 18
3903 18
3904 54
3905 54
3906 54
3907 54
3908 54
3909 54
3910 54
3911 54
3912 54
3913 54
3914 54
3915 54
3916 54
3917 54
3918 54
3919 54
3920 54
3921 54
3922 54
3923 54
3924 54
3925 54
3926 54
3927 54
3928 54
3929 54
3930 54
3931 54
3932 54
3933 54
3934 54
3935 54
3936 54
3937 54
3938 54
3939 54
3940 54
3941 54
3942 54
3943 54
3944 54
3945 54
3946 54
3947 54
3948 54
3949 54
3950 54
3951 54
3952 54
3953 54
3954 54
3955 54
3956 54
3957 54
3958 54
3959 54
3960 54
3961 54
3962 54
3963 54
3964 54
3965 54
3966 54
3967 54
3968 55
3969 55
3970 55
3971 55
3972 55
3973 55
3974 55
3975 55
3976 55
3977 55
3978 55
3979 55
3980 55
3981 55
3982 55
3983 55
3984 55
3985 55
3986 55
3987 55
3988 55
3989 55
3990 55
3991 55
3992 55
3993 55
3994 55
3995 55
3996 55
3997 55
3998 55
3999 55
4000 55
4001 55
4002 55
4003 55
4004 55
4005 55
4006 55
4007 55
4008 55
4009 55
4010 55
4011 55
4012 55
4013 55
4014 55
4015 55
4016 55
4017 55
4018 55
4019 55
4020 55
4021 55
4022 55
4023 55
4024 55
4025 55
4026 55
4027 55
4028 55
4029 55
4030 55
4031 55
4032 18
4033 18
4034 18
4035 18
4036 18
4037 18
4038 18
4039 18
4040 18
4041 18
4042 18
4043 18
4044 18
4045 18
4046 18
4047 18
4048 18
4049 18
4050 18
4051 18
4052 18
4053 18
4054 18
4055 18
4056 18
4057 18
4058 18
4059 18
4060 18
4061 18
4062 18
4063 18
4064 18
4065 18
4066 18
4067 18
4068 18
4069 18
4070 18
4071 18
4072 18
4073 18
4074 18
4075 18
4076 18
4077 18
4078 18
4079 18
4080 18
4081 18
4082 18
4083 18
4084 18
4085 18
4086 18
4087 18
4088 18
4089 18
4090 18
4091 18
4092 18
4093 18
4094 18
4095 18
4096 56
4097 56
4098 56
4099 56
4100 56
4101 56
4102 56
4103 56
4104 56
4105 56
4106 56
4107 56
4108 56
4109 56
4110 56
4111 56
4112 56
4113 56
4114 56
4115 56
4116 56
4117 56
4118 56
4119 56
4120 56
4121 56
4122 56
4123 56
4124 56
4125 56
4126 56
4127 56
4128 56
4129 56
4130 56
4131 56
4132 56
4133 56
4134 56
4135 56
4136 56
4137 56
4138 56
4139 56
4140 56
4141 56
4142 56
4143 56
4144 56
4145 56
4146 56
4147 56
4148 56
4149 56
4150 56
4151 56
4152 56
4153 56
4154 56
4155 56
4156 56
4157 56
4158 56
4159 56
4160 28
4161 28
4162 28
4163 28
4164 28
4165 28
4166 28
4167 28
4168 28
4169 28
4170 28
4171 28
4172 28
4173 28
4174 28
4175 28
4176 28
4177 28
4178 28
4179 28
4180 28
4181 28
4182 28
4183 28
4184 28
4185 28
4186 28
4187 28
4188 28
4189 28
4190 28
4191 28
4192 28
4193 28
4194 28
4195 28
4196 28
4197 28
4198 28
4199 28
4200 28
4201 28
4202 28
4203 28
4204 28
4205 28
4206 28
4207 28
4208 28
4209 28
4210 28
4211 28
4212 28
4213 28
4214 28
4215 28
4216 28
4217 28
4218 28
4219 28
4220 28
4221 28
4222 28
4223 28
4224 57
4225 57
4226 57
4227 57
4228 57
4229 57
4230 57
4231 57
4232 57
4233 57
4234 57
4235 57
4236 57
4237 57
4238 57
4239 57
4240 57
4241 57
4242 57
4243 57
4244 57
4245 57
4246 57
4247 57
4248 57
4249 57
4250 57
4251 57
4252 57
4253 57
4254 57
4255 57
4256 57
4257 57
4258 57
4259 57
4260 57
4261 57
4262 57
4263 57
4264 57
4265 57
4266 57
4267 57
4268 57
4269 57
4270 57
4271 57
4272 57
4273 57
4274 57
4275 57
4276 57
4277 57
4278 57
4279 57
4280 57
4281 57
4282 57
4283 57
4284 57
4285 57
4286 57
4287 57
4288 58
4289 58
4290 58
4291 58
4292 58
4293 58
4294 58
4295 58
4296 58
4297 58
4298 58
4299 58
4300 58
4301 58
4302 58
4303 58
4304 58
4305 58
4306 58
4307 58
4308 58
4309 58
4310 58
4311 58
4312 58
4313 58
4314 58
4315 58
4316 58
4317 58
4318 58
4319 58
4320 58
4321 58
4322 58
4323 58
4324 58
4325 58
4326 58
4327 58
4328 58
4329 58
4330 58
4331 58
4332 58
4333 58
4334 58
4335 58
4336 58
4337 58
4338 58
4339 58
4340 58
4341 58
4342 58
4343 58
4344 58
4345 58
4346 58
4347 58
4348 58
4349 58
4350 58
4351 58
4352 59
4353 59
4354 59
4355 59
4356 59
4357 59
4358 59
4359 59
4360 59
4361 59
4362 59
4363 59
4364 59
4365 59
4366 59
4367 59
4368 59
4369 59
4370 59
4371 59
4372 59
4373 59
4374 59
4375 59
4376 59
4377 59
4378 59
4379 59
4380 59
4381 59
4382 59
4383 59
4384 59
4385 59
4386 59
4387 59
4388 59
4389 59
4390 59
4391 59
4392 59
4393 59
4394 59
4395 59
4396 59
4397 59
4398 59
4399 59
4400 59
4401 59
4402 59
4403 59
4404 59
4405 59
4406 59
4407 59
4408 59
4409 59
4410 59
4411 59
4412 59
4413 59
4414 59
4415 59
4416 18
4417 18
4418 18
4419 18
4420 18
4421 18
4422 18
4423 18
4424 18
4425 18
4426 18
4427 18
4428 18
4429 18
4430 18
4431 18
4432 18
4433 18
4434 18
4435 18
4436 18
4437 18
4438 18
4439 18
4440 18
4441 18
4442 18
4443 18
4444 18
4445 18
4446 18
4447 18
4448 18
4449 18
4450 18
4451 18
4452 18
4453 18
4454 18
4455 18
4456 18
4457 18
4458 18
4459 18
4460 18
4461 18
4462 18
4463 18
4464 18
4465 18
4466 18
4467 18
4468 18
4469 18
4470 18
4471 18
4472 18
4473 18
4474 18
4475 18
4476 18
4477 18
4478 18
4479 18
4480 60
4481 60
4482 60
4483 60
4484 60
4485 60
4486 60
4487 60
4488 60
4489 60
4490 60
4491 60
4492 60
4493 60
4494 60
4495 60
4496 60
4497 60
4498 60
4499 60
4500 60
4501 60
4502 60
4503 60
4504 60
4505 60
4506 60
4507 60
4508 60
4509 60
4510 60
4511 60
4512 60
4513 60
4514 60
4515 60
4516 60
4517 60
4518 60
4519 60
4520 60
4521 60
4522 60
4523 60
4524 60
4525 60
4526 60
4527 60
4528 60
4529 60
4530 60
4531 60
4532 60
4533 60
4534 60
4535 60
4536 60
4537 60
4538 60
4539 60
4540 60
4541 60
4542 60
4543 60
4544 61
4545 61
4546 61
4547 61
4548 61
4549 61
4550 61
4551 61
4552 61
4553 61
4554 61
4555 61
4556 61
4557 61
4558 61
4559 61
4560 61
4561 61
4562 61
4563 61
4564 61
4565 61
4566 61
4567 61
4568 61
4569 61
4570 61
4571 61
4572 61
4573 61
4574 61
4575 61
4576 61
4577 61
4578 61
4579 61
4580 61
4581 61
4582 61
4583 61
4584 61
4585 61
4586 61
4587 61
4588 61
4589 61
4590 61
4591 61
4592 61
4593 61
4594 61
4595 61
4596 61
4597 61
4598 61
4599 61
4600 61
4601 61
4602 61
4603 61
4604 61
4605 61
4606 61
4607 61
4608 62
4609 62
4610 62
4611 62
4612 62
4613 62
4614 62
4615 62
4616 62
4617 62
4618 62
4619 62
4620 62
4621 62
4622 62
4623 62
4624 62
4625 62
4626 62
4627 62
4628 62
4629 62
4630 62
4631 62
4632 62
4633 62
4634 62
4635 62
4636 62
4637 62
4638 62
4639 62
4640 62
4641 62
4642 62
4643 62
4644 62
4645 62
4646 62
4647 62
4648 62
4649 62
4650 62
4651 62
4652 62
4653 62
4654 62
4655 62
4656 62
4657 62
4658 62
4659 62
4660 62
4661 62
4662 62
4663 62
4664 62
4665 62
4666 62
4667 62
4668 62
4669 62
4670 62
4671 62
4672 63
4673 63
4674 63
4675 63
4676 63
4677 63
4678 63
4679 63
4680 63
4681 63
4682 63
4683 63
4684 63
4685 63
4686 63
4687 63
4688 63
4689 63
4690 63
4691 63
4692 63
4693 63
4694 63
4695 63
4696 63
4697 63
4698 63
4699 63
4700 63
4701 63
4702 63
4703 63
4704 63
4705 63
4706 63
4707 63
4708 63
4709 63
4710 63
4711 63
4712 63
4713 63
4714 63
4715 63
4716 63
4717 63
4718 63
4719 63
4720 63
4721 63
4722 63
4723 63
4724 63
4725 63
4726 63
4727 63
4728 63
4729 63
4730 63
4731 63
4732 63
4733 63
4734 63
4735 63
4736 64
4737 64
4738 64
4739 64
4740 64
4741 64
4742 64
4743 64
4744 64
4745 64
4746 64
4747 64
4748 64
4749 64
4750 64
4751 64
4752 64
4753 64
4754 64
4755 64
4756 64
4757 64
4758 64
4759 64
4760 64
4761 64
4762 64
4763 64
4764 64
4765 64
4766 64
4767 64
4768 64
4769 64
4770 64
4771 64
4772 64
4773 64
4774 64
4775 64
4776 64
4777 64
4778 64
4779 64
4780 64
4781 64
4782 64
4783 64
4784 64
4785 64
4786 64
4787 64
4788 64
4789 64
4790 64
4791 64
4792 64
4793 64
4794 64
4795 64
4796 64
4797 64
4798 64
4799 64
4800 65
4801 65
4802 65
4803 65
4804 65
4805 65
4806 65
4807 65
4808 65
4809 65
4810 65
4811 65
4812 65
4813 65
4814 65
4815 65
4816 65
4817 65
4818 65
4819 65
4820 65
4821 65
4822 65
4823 65
4824 65
4825 65
4826 65
4827 65
4828 65
4829 65
4830 65
4831 65
4832 65
4833 65
4834 65
4835 65
4836 65
4837 65
4838 65
4839 65
4840 65
4841 65
4842 65
4843 65
4844 65
4845 65
4846 65
4847 65
4848 65
4849 65
4850 65
4851 65
4852 65
4853 65
4854 65
4855 65
4856 65
4857 65
4858 65
4859 65
4860 65
4861 65
4862 65
4863 65
4864 66
4865 66
4866 66
4867 66
4868 66
4869 66
4870 66
4871 66
4872 66
4873 66
4874 66
4875 66
4876 66
4877 66
4878 66
4879 66
4880 66
4881 66
4882 66
4883 66
4884 66
4885 66
4886 66
4887 66
4888 66
4889 66
4890 66
4891 66
4892 66
4893 66
4894 66
4895 66
4896 66
4897 66
4898 66
4899 66
4900 66
4901 66
4902 66
4903 66
4904 66
4905 66
4906 66
4907 66
4908 66
4909 66
4910 66
4911 66
4912 66
4913 66
4914 66
4915 66
4916 66
4917 66
4918 66
4919 66
4920 66
4921 66
4922 66
4923 66
4924 66
4925 66
4926 66
4927 66
4928 67
4929 67
4930 67
4931 67
4932 67
4933 67
4934 67
4935 67
4936 67
4937 67
4938 67
4939 67
4940 67
4941 67
4942 67
4943 67
4944 67
4945 67
4946 67
4947 67
4948 67
4949 67
4950 67
4951 67
4952 67
4953 67
4954 67
4955 67
4956 67
4957 67
4958 67
4959 67
4960 67
4961 67
4962 67
4963 67
4964 67
4965 67
4966 67
4967 67
4968 67
4969 67
4970 67
4971 67
4972 67
4973 67
4974 67
4975 67
4976 67
4977 67
4978 67
4979 67
4980 67
4981 67
4982 67
4983 67
4984 67
4985 67
4986 67
4987 67
4988 67
4989 67
4990 67
4991 67
4992 31
4993 31
4994 31
4995 31
4996 31
4997 31
4998 31
4999 31
5000 31
5001 31
5002 31
5003 31
5004 31
5005 31
5006 31
5007 31
5008 31
5009 31
5010 31
5011 31
5012 31
5013 31
5014 31
5015 31
5016 31
5017 31
5018 31
5019 31
5020 31
5021 31
5022 31
5023 31
5024 31
5025 31
5026 31
5027 31
5028 31
5029 31
5030 31
5031 31
5032 31
5033 31
5034 31
5035 31
5036 31
5037 31
5038 31
5039 31
5040 31
5041 31
5042 31
5043 31
5044 31
5045 31
5046 31
5047 31
5048 31
5049 31
5050 31
5051 31
5052 31
5053 31
5054 31
5055 31
5056 68
5057 68
5058 68
5059 68
5060 68
5061 68
5062 68
5063 68
5064 68
5065 68
5066 68
5067 68
5068 68
5069 68
5070 68
5071 68
5072 68
5073 68
5074 68
5075 68
5076 68
5077 68
5078 68
5079 68
5080 68
5081 68
5082 68
5083 68
5084 68
5085 68
5086 68
5087 68
5088 68
5089 68
5090 68
5091 68
5092 68
5093 68
5094 68
5095 68
5096 68
5097 68
5098 68
5099 68
5100 68
5101 68
5102 68
5103 68
5104 68
5105 68
5106 68
5107 68
5108 68
5109 68
5110 68
5111 68
5112 68
5113 68
5114 68
5115 68
5116 68
5117 68
5118 68
5119 68
5120 69
5121 69
5122 69
5123 69
5124 69
5125 69
5126 69
5127 69
5128 69
5129 69
5130 69
5131 69
5132 69
5133 69
5134 69
5135 69
5136 69
5137 69
5138 69
5139 69
5140 69
5141 69
5142 69
5143 69
5144 69
5145 69
5146 69
5147 69
5148 69
5149 69
5150 69
5151 69
5152 69
5153 69
5154 69
5155 69
5156 69
5157 69
5158 69
5159 69
5160 69
5161 69
5162 69
5163 69
5164 69
5165 69
5166 69
5167 69
5168 69
5169 69
5170 69
5171 69
5172 69
5173 69
5174 69
5175 69
5176 69
5177 69
5178 69
5179 69
5180 69
5181 69
5182 69
5183 69
5184 70
5185 70
5186 70
5187 70
5188 70
5189 70
5190 70
5191 70
5192 70
5193 70
5194 70
5195 70
5196 70
5197 70
5198 70
5199 70
5200 70
5201 70
5202 70
5203 70
5204 70
5205 70
5206 70
5207 70
5208 70
5209 70
5210 70
5211 70
5212 70
5213 70
5214 70
5215 70
5216 70
5217 70
5218 70
5219 70
5220 70
5221 70
5222 70
5223 70
5224 70
5225 70
5226 70
5227 70
5228 70
5229 70
5230 70
5231 70
5232 70
5233 70
5234 70
5235 70
5236 70
5237 70
5238 70
5239 70
5240 70
5241 70
5242 70
5243 70
5244 70
5245 70
5246 70
5247 70
5248 71
5249 71
5250 71
5251 71
5252 71
5253 71
5254 71
5255 71
5256 71
5257 71
5258 71
5259 71
5260 71
5261 71
5262 71
5263 71
5264 71
5265 71
5266 71
5267 71
5268 71
5269 71
5270 71
5271 71
5272 71
5273 71
5274 71
5275 71
5276 71
5277 71
5278 71
5279 71
5280 71
5281 71
5282 71
5283 71
5284 71
5285 71
5286 71
5287 71
5288 71
5289 71
5290 71
5291 71
5292 71
5293 71
5294 71
5295 71
5296 71
5297 71
5298 71
5299 71
5300 71
5301 71
5302 71
5303 71
5304 71
5305 71
5306 71
5307 71
5308 71
5309 71
5310 71
5311 71
5312 72
5313 72
5314 72
5315 72
5316 72
5317 72
5318 72
5319 72
5320 72
5321 72
5322 72
5323 72
5324 72
5325 72
5326 72
5327 72
5328 72
5329 72
5330 72
5331 72
5332 72
5333 72
5334 72
5335 72
5336 72
5337 72
5338 72
5339 72
5340 72
5341 72
5342 72
5343 72
5344 72
5345 72
5346 72
5347 72
5348 72
5349 72
5350 72
5351 72
5352 72
5353 72
5354 72
5355 72
5356 72
5357 72
5358 72
5359 72
5360 72
5361 72
5362 72
5363 72
5364 72
5365 72
5366 72
5367 72
5368 72
5369 72
5370 72
5371 72
5372 72
5373 72
5374 72
5375 72
5376 73
5377 73
5378 73
5379 73
5380 73
5381 73
5382 73
5383 73
5384 73
5385 73
5386 73
5387 73
5388 73
5389 73
5390 73
5391 73
5392 73
5393 73
5394 73
5395 73
5396 73
5397 73
5398 73
5399 73
5400 73
5401 73
5402 73
5403 73
5404 73
5405 73
5406 73
5407 73
5408 73
5409 73
5410 73
5411 73
5412 73
5413 73
5414 73
5415 73
5416 73
5417 73
5418 73
5419 73
5420 73
5421 73
5422 73
5423 73
5424 73
5425 73
5426 73
5427 73
5428 73
5429 73
5430 73
5431 73
5432 73
5433 73
5434 73
5435 73
5436 73
5437 73
5438 73
5439 73
5440 74
5441 74
5442 74
5443 74
5444 74
5445 74
5446 74
5447 74
5448 74
5449 74
5450 74
5451 74
5452 74
5453 74
5454 74
5455 74
5456 74
5457 74
5458 74
5459 74
5460 74
5461 74
5462 74
5463 74
5464 74
5465 74
5466 74
5467 74
5468 74
5469 74
5470 74
5471 74
5472 74
5473 74
5474 74
5475 74
5476 74
5477 74
5478 74
5479 74
5480 74
5481 74
5482 74
5483 74
5484 74
5485 74
5486 74
5487 74
5488 74
5489 74
5490 74
5491 74
5492 74
5493 74
5494 74
5495 74
5496 74
5497 74
5498 74
5499 74
5500 74
5501 74
5502 74
5503 74
5504 75
5505 75
5506 75
5507 75
5508 75
5509 75
5510 75
5511 75
5512 75
5513 75
5514 75
5515 75
5516 75
5517 75
5518 75
5519 75
5520 75
5521 75
5522 75
5523 75
5524 75
5525 75
5526 75
5527 75
5528 75
5529 75
5530 75
5531 75
5532 75
5533 75
5534 75
5535 75
5536 75
5537 75
5538 75
5539 75
5540 75
5541 75
5542 75
5543 75
5544 75
5545 75
5546 75
5547 75
5548 75
5549 75
5550 75
5551 75
5552 75
5553 75
5554 75
5555 75
5556 75
5557 75
5558 75
5559 75
5560 75
5561 75
5562 75
5563 75
5564 75
5565 75
5566 75
5567 75
5568 76
5569 76
5570 76
5571 76
5572 76
5573 76
5574 76
5575 76
5576 76
5577 76
5578 76
5579 76
5580 76
5581 76
5582 76
5583 76
5584 76
5585 76
5586 76
5587 76
5588 76
5589 76
5590 76
5591 76
5592 76
5593 76
5594 76
5595 76
5596 76
5597 76
5598 76
5599 76
5600 76
5601 76
5602 76
5603 76
5604 76
5605 76
5606 76
5607 76
5608 76
5609 76
5610 76
5611 76
5612 76
5613 76
5614 76
5615 76
5616 76
5617 76
5618 76
5619 76
5620 76
5621 76
5622 76
5623 76
5624 76
5625 76
5626 76
5627 76
5628 76
5629 76
5630 76
5631 76
