0 0
1 0
2 0
3 0
4 0
5 0
6 0
7 0
8 0
9 0
10 0
11 0
12 0
13 0
14 0
15 0
16 0
17 0
18 0
19 0
20 0
21 0
22 0
23 0
24 0
25 0
26 0
27 0
28 0
29 0
30 0
31 0
32 0
33 0
34 0
35 0
36 0
37 0
38 0
39 0
40 0
41 0
42 0
43 0
44 0
45 0
46 0
47 0
48 0
49 0
50 0
51 0
52 0
53 0
54 0
55 0
56 0
57 0
58 0
59 0
60 0
61 0
62 0
63 0
64 1
65 1
66 1
67 1
68 1
69 1
70 1
71 1
72 1
73 1
74 1
75 1
76 1
77 1
78 1
79 1
80 1
81 1
82 1
83 1
84 1
85 1
86 1
87 1
88 1
89 1
90 1
91 1
92 1
93 1
94 1
95 1
96 1
97 1
98 1
99 1
100 1
101 1
102 1
103 1
104 1
105 1
106 1
107 1
108 1
109 1
110 1
111 1
112 1
113 1
114 1
115 1
116 1
117 1
118 1
119 1
120 1
121 1
122 1
123 1
124 1
125 1
126 1
127 1
128 2
129 2
130 2
131 2
132 2
133 2
134 2
135 2
136 2
137 2
138 2
139 2
140 2
141 2
142 2
143 2
144 2
145 2
146 2
147 2
148 2
149 2
150 2
151 2
152 2
153 2
154 2
155 2
156 2
157 2
158 2
159 2
160 2
161 2
162 2
163 2
164 2
165 2
166 2
167 2
168 2
169 2
170 2
171 2
172 2
173 2
174 2
175 2
176 2
177 2
178 2
179 2
180 2
181 2
182 2
183 2
184 2
185 2
186 2
187 2
188 2
189 2
190 2
191 2
192 3
193 3
194 3
195 3
196 3
197 3
198 3
199 3
200 3
201 3
202 3
203 3
204 3
205 3
206 3
207 3
208 3
209 3
210 3
211 3
212 3
213 3
214 3
215 3
216 3
217 3
218 3
219 3
220 3
221 3
222 3
223 3
224 3
225 3
226 3
227 3
228 3
229 3
230 3
231 3
232 3
233 3
234 3
235 3
236 3
237 3
238 3
239 3
240 3
241 3
242 3
243 3
244 3
245 3
246 3
247 3
248 3
249 3
250 3
251 3
252 3
253 3
254 3
255 3
256 4
257 4
258 4
259 4
260 4
261 4
262 4
263 4
264 4
265 4
266 4
267 4
268 4
269 4
270 4
271 4
272 4
273 4
274 4
275 4
276 4
277 4
278 4
279 4
280 4
281 4
282 4
283 4
284 4
285 4
286 4
287 4
288 4
289 4
290 4
291 4
292 4
293 4
294 4
295 4
296 4
297 4
298 4
299 4
300 4
301 4
302 4
303 4
304 4
305 4
306 4
307 4
308 4
309 4
310 4
311 4
312 4
313 4
314 4
315 4
316 4
317 4
318 4
319 4
320 5
321 5
322 5
323 5
324 5
325 5
326 5
327 5
328 5
329 5
330 5
331 5
332 5
333 5
334 5
335 5
336 5
337 5
338 5
339 5
340 5
341 5
342 5
343 5
344 5
345 5
346 5
347 5
348 5
349 5
350 5
351 5
352 5
353 5
354 5
355 5
356 5
357 5
358 5
359 5
360 5
361 5
362 5
363 5
364 5
365 5
366 5
367 5
368 5
369 5
370 5
371 5
372 5
373 5
374 5
375 5
376 5
377 5
378 5
379 5
380 5
381 5
382 5
383 5
384 6
385 6
386 6
387 6
388 6
389 6
390 6
391 6
392 6
393 6
394 6
395 6
396 6
397 6
398 6
399 6
400 6
401 6
402 6
403 6
404 6
405 6
406 6
407 6
408 6
409 6
410 6
411 6
412 6
413 6
414 6
415 6
416 6
417 6
418 6
419 6
420 6
421 6
422 6
423 6
424 6
425 6
426 6
427 6
428 6
429 6
430 6
431 6
432 6
433 6
434 6
435 6
436 6
437 6
438 6
439 6
440 6
441 6
442 6
443 6
444 6
445 6
446 6
447 6
448 7
449 7
450 7
451 7
452 7
453 7
454 7
455 7
456 7
457 7
458 7
459 7
460 7
461 7
462 7
463 7
464 7
465 7
466 7
467 7
468 7
469 7
470 7
471 7
472 7
473 7
474 7
475 7
476 7
477 7
478 7
479 7
480 7
481 7
482 7
483 7
484 7
485 7
486 7
487 7
488 7
489 7
490 7
491 7
492 7
493 7
494 7
495 7
496 7
497 7
498 7
499 7
500 7
501 7
502 7
503 7
504 7
505 7
506 7
507 7
508 7
509 7
510 7
511 7
512 8
513 8
514 8
515 8
516 8
517 8
518 8
519 8
520 8
521 8
522 8
523 8
524 8
525 8
526 8
527 8
528 8
529 8
530 8
531 8
532 8
533 8
534 8
535 8
536 8
537 8
538 8
539 8
540 8
541 8
542 8
543 8
544 8
545 8
546 8
547 8
548 8
549 8
550 8
551 8
552 8
553 8
554 8
555 8
556 8
557 8
558 8
559 8
560 8
561 8
562 8
563 8
564 8
565 8
566 8
567 8
568 8
569 8
570 8
571 8
572 8
573 8
574 8
575 8
576 9
577 9
578 9
579 9
580 9
581 9
582 9
583 9
584 9
585 9
586 9
587 9
588 9
589 9
590 9
591 9
592 9
593 9
594 9
595 9
596 9
597 9
598 9
599 9
600 9
601 9
602 9
603 9
604 9
605 9
606 9
607 9
608 9
609 9
610 9
611 9
612 9
613 9
614 9
615 9
616 9
617 9
618 9
619 9
620 9
621 9
622 9
623 9
624 9
625 9
626 9
627 9
628 9
629 9
630 9
631 9
632 9
633 9
634 9
635 9
636 9
637 9
638 9
639 9
640 10
641 10
642 10
643 10
644 10
645 10
646 10
647 10
648 10
649 10
650 10
651 10
652 10
653 10
654 10
655 10
656 10
657 10
658 10
659 10
660 10
661 10
662 10
663 10
664 10
665 10
666 10
667 10
668 10
669 10
670 10
671 10
672 10
673 10
674 10
675 10
676 10
677 10
678 10
679 10
680 10
681 10
682 10
683 10
684 10
685 10
686 10
687 10
688 10
689 10
690 10
691 10
692 10
693 10
694 10
695 10
696 10
697 10
698 10
699 10
700 10
701 10
702 10
703 10
704 11
705 11
706 11
707 11
708 11
709 11
710 11
711 11
712 11
713 11
714 11
715 11
716 11
717 11
718 11
719 11
720 11
721 11
722 11
723 11
724 11
725 11
726 11
727 11
728 11
729 11
730 11
731 11
732 11
733 11
734 11
735 11
736 11
737 11
738 11
739 11
740 11
741 11
742 11
743 11
744 11
745 11
746 11
747 11
748 11
749 11
750 11
751 11
752 11
753 11
754 11
755 11
756 11
757 11
758 11
759 11
760 11
761 11
762 11
763 11
764 11
765 11
766 11
767 11
768 12
769 12
770 12
771 12
772 12
773 12
774 12
775 12
776 12
777 12
778 12
779 12
780 12
781 12
782 12
783 12
784 12
785 12
786 12
787 12
788 12
789 12
790 12
791 12
792 12
793 12
794 12
795 12
796 12
797 12
798 12
799 12
800 12
801 12
802 12
803 12
804 12
805 12
806 12
807 12
808 12
809 12
810 12
811 12
812 12
813 12
814 12
815 12
816 12
817 12
818 12
819 12
820 12
821 12
822 12
823 12
824 12
825 12
826 12
827 12
828 12
829 12
830 12
831 12
832 -1
833 -1
834 -1
835 -1
836 -1
837 -1
838 -1
839 -1
840 -1
841 -1
842 -1
843 -1
844 -1
845 -1
846 -1
847 -1
848 -1
849 -1
850 -1
851 -1
852 -1
853 -1
854 -1
855 -1
856 -1
857 -1
858 -1
859 -1
860 -1
861 -1
862 -1
863 -1
864 -1
865 -1
866 -1
867 -1
868 -1
869 -1
870 -1
871 -1
872 -1
873 -1
874 -1
875 -1
876 -1
877 -1
878 -1
879 -1
880 -1
881 -1
882 -1
883 -1
884 -1
885 -1
886 -1
887 -1
888 -1
889 -1
890 -1
891 -1
892 -1
893 -1
894 -1
895 -1
896 13
897 13
898 13
899 13
900 13
901 13
902 13
903 13
904 13
905 13
906 13
907 13
908 13
909 13
910 13
911 13
912 13
913 13
914 13
915 13
916 13
917 13
918 13
919 13
920 13
921 13
922 13
923 13
924 13
925 13
926 13
927 13
928 13
929 13
930 13
931 13
932 13
933 13
934 13
935 13
936 13
937 13
938 13
939 13
940 13
941 13
942 13
943 13
944 13
945 13
946 13
947 13
948 13
949 13
950 13
951 13
952 13
953 13
954 13
955 13
956 13
957 13
958 13
959 13
960 14
961 14
962 14
963 14
964 14
965 14
966 14
967 14
968 14
969 14
970 14
971 14
972 14
973 14
974 14
975 14
976 14
977 14
978 14
979 14
980 14
981 14
982 14
983 14
984 14
985 14
986 14
987 14
988 14
989 14
990 14
991 14
992 14
993 14
994 14
995 14
996 14
997 14
998 14
999 14
1000 14
1001 14
1002 14
1003 14
1004 14
1005 14
1006 14
1007 14
1008 14
1009 14
1010 14
1011 14
1012 14
1013 14
1014 14
1015 14
1016 14
1017 14
1018 14
1019 14
1020 14
1021 14
1022 14
1023 14
1024 15
1025 15
1026 15
1027 15
1028 15
1029 15
1030 15
1031 15
1032 15
1033 15
1034 15
1035 15
1036 15
1037 15
1038 15
1039 15
1040 15
1041 15
1042 15
1043 15
1044 15
1045 15
1046 15
1047 15
1048 15
1049 15
1050 15
1051 15
1052 15
1053 15
1054 15
1055 15
1056 15
1057 15
1058 15
1059 15
1060 15
1061 15
1062 15
1063 15
1064 15
1065 15
1066 15
1067 15
1068 15
1069 15
1070 15
1071 15
1072 15
1073 15
1074 15
1075 15
1076 15
1077 15
1078 15
1079 15
1080 15
1081 15
1082 15
1083 15
1084 15
1085 15
1086 15
1087 15
1088 16
1089 16
1090 16
1091 16
1092 16
1093 16
1094 16
1095 16
1096 16
1097 16
1098 16
1099 16
1100 16
1101 16
1102 16
1103 16
1104 16
1105 16
1106 16
1107 16
1108 16
1109 16
1110 16
1111 16
1112 16
1113 16
1114 16
1115 16
1116 16
1117 16
1118 16
1119 16
1120 16
1121 16
1122 16
1123 16
1124 16
1125 16
1126 16
1127 16
1128 16
1129 16
1130 16
1131 16
1132 16
1133 16
1134 16
1135 16
1136 16
1137 16
1138 16
1139 16
1140 16
1141 16
1142 16
1143 16
1144 16
1145 16
1146 16
1147 16
1148 16
1149 16
1150 16
1151 16
1152 17
1153 17
1154 17
1155 17
1156 17
1157 17
1158 17
1159 17
1160 17
1161 17
1162 17
1163 17
1164 17
1165 17
1166 17
1167 17
1168 17
1169 17
1170 17
1171 17
1172 17
1173 17
1174 17
1175 17
1176 17
1177 17
1178 17
1179 17
1180 17
1181 17
1182 17
1183 17
1184 17
1185 17
1186 17
1187 17
1188 17
1189 17
1190 17
1191 17
1192 17
1193 17
1194 17
1195 17
1196 17
1197 17
1198 17
1199 17
1200 17
1201 17
1202 17
1203 17
1204 17
1205 17
1206 17
1207 17
1208 17
1209 17
1210 17
1211 17
1212 17
1213 17
1214 17
1215 17
1216 18
1217 18
1218 18
1219 18
1220 18
1221 18
1222 18
1223 18
1224 18
1225 18
1226 18
1227 18
1228 18
1229 18
1230 18
1231 18
1232 18
1233 18
1234 18
1235 18
1236 18
1237 18
1238 18
1239 18
1240 18
1241 18
1242 18
1243 18
1244 18
1245 18
1246 18
1247 18
1248 18
1249 18
1250 18
1251 18
1252 18
1253 18
1254 18
1255 18
1256 18
1257 18
1258 18
1259 18
1260 18
1261 18
1262 18
1263 18
1264 18
1265 18
1266 18
1267 18
1268 18
1269 18
1270 18
1271 18
1272 18
1273 18
1274 18
1275 18
1276 18
1277 18
1278 18
1279 18
1280 19
1281 19
1282 19
1283 19
1284 19
1285 19
1286 19
1287 19
1288 19
1289 19
1290 19
1291 19
1292 19
1293 19
1294 19
1295 19
1296 19
1297 19
1298 19
1299 19
1300 19
1301 19
1302 19
1303 19
1304 19
1305 19
1306 19
1307 19
1308 19
1309 19
1310 19
1311 19
1312 19
1313 19
1314 19
1315 19
1316 19
1317 19
1318 19
1319 19
1320 19
1321 19
1322 19
1323 19
1324 19
1325 19
1326 19
1327 19
1328 19
1329 19
1330 19
1331 19
1332 19
1333 19
1334 19
1335 19
1336 19
1337 19
1338 19
1339 19
1340 19
1341 19
1342 19
1343 19
1344 20
1345 20
1346 20
1347 20
1348 20
1349 20
1350 20
1351 20
1352 20
1353 20
1354 20
1355 20
1356 20
1357 20
1358 20
1359 20
1360 20
1361 20
1362 20
1363 20
1364 20
1365 20
1366 20
1367 20
1368 20
1369 20
1370 20
1371 20
1372 20
1373 20
1374 20
1375 20
1376 20
1377 20
1378 20
1379 20
1380 20
1381 20
1382 20
1383 20
1384 20
1385 20
1386 20
1387 20
1388 20
1389 20
1390 20
1391 20
1392 20
1393 20
1394 20
1395 20
1396 20
1397 20
1398 20
1399 20
1400 20
1401 20
1402 20
1403 20
1404 20
1405 20
1406 20
1407 20
1408 21
1409 21
1410 21
1411 21
1412 21
1413 21
1414 21
1415 21
1416 21
1417 21
1418 21
1419 21
1420 21
1421 21
1422 21
1423 21
1424 21
1425 21
1426 21
1427 21
1428 21
1429 21
1430 21
1431 21
1432 21
1433 21
1434 21
1435 21
1436 21
1437 21
1438 21
1439 21
1440 21
1441 21
1442 21
1443 21
1444 21
1445 21
1446 21
1447 21
1448 21
1449 21
1450 21
1451 21
1452 21
1453 21
1454 21
1455 21
1456 21
1457 21
1458 21
1459 21
1460 21
1461 21
1462 21
1463 21
1464 21
1465 21
1466 21
1467 21
1468 21
1469 21
1470 21
1471 21
1472 22
1473 22
1474 22
1475 22
1476 22
1477 22
1478 22
1479 22
1480 22
1481 22
1482 22
1483 22
1484 22
1485 22
1486 22
1487 22
1488 22
1489 22
1490 22
1491 22
1492 22
1493 22
1494 22
1495 22
1496 22
1497 22
1498 22
1499 22
1500 22
1501 22
1502 22
1503 22
1504 22
1505 22
1506 22
1507 22
1508 22
1509 22
1510 22
1511 22
1512 22
1513 22
1514 22
1515 22
1516 22
1517 22
1518 22
1519 22
1520 22
1521 22
1522 22
1523 22
1524 22
1525 22
1526 22
1527 22
1528 22
1529 22
1530 22
1531 22
1532 22
1533 22
1534 22
1535 22
1536 23
1537 23
1538 23
1539 23
1540 23
1541 23
1542 23
1543 23
1544 23
1545 23
1546 23
1547 23
1548 23
1549 23
1550 23
1551 23
1552 23
1553 23
1554 23
1555 23
1556 23
1557 23
1558 23
1559 23
1560 23
1561 23
1562 23
1563 23
1564 23
1565 23
1566 23
1567 23
1568 23
1569 23
1570 23
1571 23
1572 23
1573 23
1574 23
1575 23
1576 23
1577 23
1578 23
1579 23
1580 23
1581 23
1582 23
1583 23
1584 23
1585 23
1586 23
1587 23
1588 23
1589 23
1590 23
1591 23
1592 23
1593 23
1594 23
1595 23
1596 23
1597 23
1598 23
1599 23
1600 24
1601 24
1602 24
1603 24
1604 24
1605 24
1606 24
1607 24
1608 24
1609 24
1610 24
1611 24
1612 24
1613 24
1614 24
1615 24
1616 24
1617 24
1618 24
1619 24
1620 24
1621 24
1622 24
1623 24
1624 24
1625 24
1626 24
1627 24
1628 24
1629 24
1630 24
1631 24
1632 24
1633 24
1634 24
1635 24
1636 24
1637 24
1638 24
1639 24
1640 24
1641 24
1642 24
1643 24
1644 24
1645 24
1646 24
1647 24
1648 24
1649 24
1650 24
1651 24
1652 24
1653 24
1654 24
1655 24
1656 24
1657 24
1658 24
1659 24
1660 24
1661 24
1662 24
1663 24
1664 25
1665 25
1666 25
1667 25
1668 25
1669 25
1670 25
1671 25
1672 25
1673 25
1674 25
1675 25
1676 25
1677 25
1678 25
1679 25
1680 25
1681 25
1682 25
1683 25
1684 25
1685 25
1686 25
1687 25
1688 25
1689 25
1690 25
1691 25
1692 25
1693 25
1694 25
1695 25
1696 25
1697 25
1698 25
1699 25
1700 25
1701 25
1702 25
1703 25
1704 25
1705 25
1706 25
1707 25
1708 25
1709 25
1710 25
1711 25
1712 25
1713 25
1714 25
1715 25
1716 25
1717 25
1718 25
1719 25
1720 25
1721 25
1722 25
1723 25
1724 25
1725 25
1726 25
1727 25
1728 26
1729 26
1730 26
1731 26
1732 26
1733 26
1734 26
1735 26
1736 26
1737 26
1738 26
1739 26
1740 26
1741 26
1742 26
1743 26
1744 26
1745 26
1746 26
1747 26
1748 26
1749 26
1750 26
1751 26
1752 26
1753 26
1754 26
1755 26
1756 26
1757 26
1758 26
1759 26
1760 26
1761 26
1762 26
1763 26
1764 26
1765 26
1766 26
1767 26
1768 26
1769 26
1770 26
1771 26
1772 26
1773 26
1774 26
1775 26
1776 26
1777 26
1778 26
1779 26
1780 26
1781 26
1782 26
1783 26
1784 26
1785 26
1786 26
1787 26
1788 26
1789 26
1790 26
1791 26
1792 27
1793 27
1794 27
1795 27
1796 27
1797 27
1798 27
1799 27
1800 27
1801 27
1802 27
1803 27
1804 27
1805 27
1806 27
1807 27
1808 27
1809 27
1810 27
1811 27
1812 27
1813 27
1814 27
1815 27
1816 27
1817 27
1818 27
1819 27
1820 27
1821 27
1822 27
1823 27
1824 27
1825 27
1826 27
1827 27
1828 27
1829 27
1830 27
1831 27
1832 27
1833 27
1834 27
1835 27
1836 27
1837 27
1838 27
1839 27
1840 27
1841 27
1842 27
1843 27
1844 27
1845 27
1846 27
1847 27
1848 27
1849 27
1850 27
1851 27
1852 27
1853 27
1854 27
1855 27
1856 28
1857 28
1858 28
1859 28
1860 28
1861 28
1862 28
1863 28
1864 28
1865 28
1866 28
1867 28
1868 28
1869 28
1870 28
1871 28
1872 28
1873 28
1874 28
1875 28
1876 28
1877 28
1878 28
1879 28
1880 28
1881 28
1882 28
1883 28
1884 28
1885 28
1886 28
1887 28
1888 28
1889 28
1890 28
1891 28
1892 28
1893 28
1894 28
1895 28
1896 28
1897 28
1898 28
1899 28
1900 28
1901 28
1902 28
1903 28
1904 28
1905 28
1906 28
1907 28
1908 28
1909 28
1910 28
1911 28
1912 28
1913 28
1914 28
1915 28
1916 28
1917 28
1918 28
1919 28
1920 29
1921 29
1922 29
1923 29
1924 29
1925 29
1926 29
1927 29
1928 29
1929 29
1930 29
1931 29
1932 29
1933 29
1934 29
1935 29
1936 29
1937 29
1938 29
1939 29
1940 29
1941 29
1942 29
1943 29
1944 29
1945 29
1946 29
1947 29
1948 29
1949 29
1950 29
1951 29
1952 29
1953 29
1954 29
1955 29
1956 29
1957 29
1958 29
1959 29
1960 29
1961 29
1962 29
1963 29
1964 29
1965 29
1966 29
1967 29
1968 29
1969 29
1970 29
1971 29
1972 29
1973 29
1974 29
1975 29
1976 29
1977 29
1978 29
1979 29
1980 29
1981 29
1982 29
1983 29
1984 30
1985 30
1986 30
1987 30
1988 30
1989 30
1990 30
1991 30
1992 30
1993 30
1994 30
1995 30
1996 30
1997 30
1998 30
1999 30
2000 30
2001 30
2002 30
2003 30
2004 30
2005 30
2006 30
2007 30
2008 30
2009 30
2010 30
2011 30
2012 30
2013 30
2014 30
2015 30
2016 30
2017 30
2018 30
2019 30
2020 30
2021 30
2022 30
2023 30
2024 30
2025 30
2026 30
2027 30
2028 30
2029 30
2030 30
2031 30
2032 30
2033 30
2034 30
2035 30
2036 30
2037 30
2038 30
2039 30
2040 30
2041 30
2042 30
2043 30
2044 30
2045 30
2046 30
2047 30
2048 31
2049 31
2050 31
2051 31
2052 31
2053 31
2054 31
2055 31
2056 31
2057 31
2058 31
2059 31
2060 31
2061 31
2062 31
2063 31
2064 31
2065 31
2066 31
2067 31
2068 31
2069 31
2070 31
2071 31
2072 31
2073 31
2074 31
2075 31
2076 31
2077 31
2078 31
2079 31
2080 31
2081 31
2082 31
2083 31
2084 31
2085 31
2086 31
2087 31
2088 31
2089 31
2090 31
2091 31
2092 31
2093 31
2094 31
2095 31
2096 31
2097 31
2098 31
2099 31
2100 31
2101 31
2102 31
2103 31
2104 31
2105 31
2106 31
2107 31
2108 31
2109 31
2110 31
2111 31
2112 32
2113 32
2114 32
2115 32
2116 32
2117 32
2118 32
2119 32
2120 32
2121 32
2122 32
2123 32
2124 32
2125 32
2126 32
2127 32
2128 32
2129 32
2130 32
2131 32
2132 32
2133 32
2134 32
2135 32
2136 32
2137 32
2138 32
2139 32
2140 32
2141 32
2142 32
2143 32
2144 32
2145 32
2146 32
2147 32
2148 32
2149 32
2150 32
2151 32
2152 32
2153 32
2154 32
2155 32
2156 32
2157 32
2158 32
2159 32
2160 32
2161 32
2162 32
2163 32
2164 32
2165 32
2166 32
2167 32
2168 32
2169 32
2170 32
2171 32
2172 32
2173 32
2174 32
2175 32
2176 33
2177 33
2178 33
2179 33
2180 33
2181 33
2182 33
2183 33
2184 33
2185 33
2186 33
2187 33
2188 33
2189 33
2190 33
2191 33
2192 33
2193 33
2194 33
2195 33
2196 33
2197 33
2198 33
2199 33
2200 33
2201 33
2202 33
2203 33
2204 33
2205 33
2206 33
2207 33
2208 33
2209 33
2210 33
2211 33
2212 33
2213 33
2214 33
2215 33
2216 33
2217 33
2218 33
2219 33
2220 33
2221 33
2222 33
2223 33
2224 33
2225 33
2226 33
2227 33
2228 33
2229 33
2230 33
2231 33
2232 33
2233 33
2234 33
2235 33
2236 33
2237 33
2238 33
2239 33
2240 34
2241 34
2242 34
2243 34
2244 34
2245 34
2246 34
2247 34
2248 34
2249 34
2250 34
2251 34
2252 34
2253 34
2254 34
2255 34
2256 34
2257 34
2258 34
2259 34
2260 34
2261 34
2262 34
2263 34
2264 34
2265 34
2266 34
2267 34
2268 34
2269 34
2270 34
2271 34
2272 34
2273 34
2274 34
2275 34
2276 34
2277 34
2278 34
2279 34
2280 34
2281 34
2282 34
2283 34
2284 34
2285 34
2286 34
2287 34
2288 34
2289 34
2290 34
2291 34
2292 34
2293 34
2294 34
2295 34
2296 34
2297 34
2298 34
2299 34
2300 34
2301 34
2302 34
2303 34
2304 35
2305 35
2306 35
2307 35
2308 35
2309 35
2310 35
2311 35
2312 35
2313 35
2314 35
2315 35
2316 35
2317 35
2318 35
2319 35
2320 35
2321 35
2322 35
2323 35
2324 35
2325 35
2326 35
2327 35
2328 35
2329 35
2330 35
2331 35
2332 35
2333 35
2334 35
2335 35
2336 35
2337 35
2338 35
2339 35
2340 35
2341 35
2342 35
2343 35
2344 35
2345 35
2346 35
2347 35
2348 35
2349 35
2350 35
2351 35
2352 35
2353 35
2354 35
2355 35
2356 35
2357 35
2358 35
2359 35
2360 35
2361 35
2362 35
2363 35
2364 35
2365 35
2366 35
2367 35
2368 36
2369 36
2370 36
2371 36
2372 36
2373 36
2374 36
2375 36
2376 36
2377 36
2378 36
2379 36
2380 36
2381 36
2382 36
2383 36
2384 36
2385 36
2386 36
2387 36
2388 36
2389 36
2390 36
2391 36
2392 36
2393 36
2394 36
2395 36
2396 36
2397 36
2398 36
2399 36
2400 36
2401 36
2402 36
2403 36
2404 36
2405 36
2406 36
2407 36
2408 36
2409 36
2410 36
2411 36
2412 36
2413 36
2414 36
2415 36
2416 36
2417 36
2418 36
2419 36
2420 36
2421 36
2422 36
2423 36
2424 36
2425 36
2426 36
2427 36
2428 36
2429 36
2430 36
2431 36
2432 37
2433 37
2434 37
2435 37
2436 37
2437 37
2438 37
2439 37
2440 37
2441 37
2442 37
2443 37
2444 37
2445 37
2446 37
2447 37
2448 37
2449 37
2450 37
2451 37
2452 37
2453 37
2454 37
2455 37
2456 37
2457 37
2458 37
2459 37
2460 37
2461 37
2462 37
2463 37
2464 37
2465 37
2466 37
2467 37
2468 37
2469 37
2470 37
2471 37
2472 37
2473 37
2474 37
2475 37
2476 37
2477 37
2478 37
2479 37
2480 37
2481 37
2482 37
2483 37
2484 37
2485 37
2486 37
2487 37
2488 37
2489 37
2490 37
2491 37
2492 37
2493 37
2494 37
2495 37
2496 38
2497 38
2498 38
2499 38
2500 38
2501 38
2502 38
2503 38
2504 38
2505 38
2506 38
2507 38
2508 38
2509 38
2510 38
2511 38
2512 38
2513 38
2514 38
2515 38
2516 38
2517 38
2518 38
2519 38
2520 38
2521 38
2522 38
2523 38
2524 38
2525 38
2526 38
2527 38
2528 38
2529 38
2530 38
2531 38
2532 38
2533 38
2534 38
2535 38
2536 38
2537 38
2538 38
2539 38
2540 38
2541 38
2542 38
2543 38
2544 38
2545 38
2546 38
2547 38
2548 38
2549 38
2550 38
2551 38
2552 38
2553 38
2554 38
2555 38
2556 38
2557 38
2558 38
2559 38
2560 39
2561 39
2562 39
2563 39
2564 39
2565 39
2566 39
2567 39
2568 39
2569 39
2570 39
2571 39
2572 39
2573 39
2574 39
2575 39
2576 39
2577 39
2578 39
2579 39
2580 39
2581 39
2582 39
2583 39
2584 39
2585 39
2586 39
2587 39
2588 39
2589 39
2590 39
2591 39
2592 39
2593 39
2594 39
2595 39
2596 39
2597 39
2598 39
2599 39
2600 39
2601 39
2602 39
2603 39
2604 39
2605 39
2606 39
2607 39
2608 39
2609 39
2610 39
2611 39
2612 39
2613 39
2614 39
2615 39
2616 39
2617 39
2618 39
2619 39
2620 39
2621 39
2622 39
2623 39
2624 40
2625 40
2626 40
2627 40
2628 40
2629 40
2630 40
2631 40
2632 40
2633 40
2634 40
2635 40
2636 40
2637 40
2638 40
2639 40
2640 40
2641 40
2642 40
2643 40
2644 40
2645 40
2646 40
2647 40
2648 40
2649 40
2650 40
2651 40
2652 40
2653 40
2654 40
2655 40
2656 40
2657 40
2658 40
2659 40
2660 40
2661 40
2662 40
2663 40
2664 40
2665 40
2666 40
2667 40
2668 40
2669 40
2670 40
2671 40
2672 40
2673 40
2674 40
2675 40
2676 40
2677 40
2678 40
2679 40
2680 40
2681 40
2682 40
2683 40
2684 40
2685 40
2686 40
2687 40
2688 41
2689 41
2690 41
2691 41
2692 41
2693 41
2694 41
2695 41
2696 41
2697 41
2698 41
2699 41
2700 41
2701 41
2702 41
2703 41
2704 41
2705 41
2706 41
2707 41
2708 41
2709 41
2710 41
2711 41
2712 41
2713 41
2714 41
2715 41
2716 41
2717 41
2718 41
2719 41
2720 41
2721 41
2722 41
2723 41
2724 41
2725 41
2726 41
2727 41
2728 41
2729 41
2730 41
2731 41
2732 41
2733 41
2734 41
2735 41
2736 41
2737 41
2738 41
2739 41
2740 41
2741 41
2742 41
2743 41
2744 41
2745 41
2746 41
2747 41
2748 41
2749 41
2750 41
2751 41
2752 42
2753 42
2754 42
2755 42
2756 42
2757 42
2758 42
2759 42
2760 42
2761 42
2762 42
2763 42
2764 42
2765 42
2766 42
2767 42
2768 42
2769 42
2770 42
2771 42
2772 42
2773 42
2774 42
2775 42
2776 42
2777 42
2778 42
2779 42
2780 42
2781 42
2782 42
2783 42
2784 42
2785 42
2786 42
2787 42
2788 42
2789 42
2790 42
2791 42
2792 42
2793 42
2794 42
2795 42
2796 42
2797 42
2798 42
2799 42
2800 42
2801 42
2802 42
2803 42
2804 42
2805 42
2806 42
2807 42
2808 42
2809 42
2810 42
2811 42
2812 42
2813 42
2814 42
2815 42
2816 43
2817 43
2818 43
2819 43
2820 43
2821 43
2822 43
2823 43
2824 43
2825 43
2826 43
2827 43
2828 43
2829 43
2830 43
2831 43
2832 43
2833 43
2834 43
2835 43
2836 43
2837 43
2838 43
2839 43
2840 43
2841 43
2842 43
2843 43
2844 43
2845 43
2846 43
2847 43
2848 43
2849 43
2850 43
2851 43
2852 43
2853 43
2854 43
2855 43
2856 43
2857 43
2858 43
2859 43
2860 43
2861 43
2862 43
2863 43
2864 43
2865 43
2866 43
2867 43
2868 43
2869 43
2870 43
2871 43
2872 43
2873 43
2874 43
2875 43
2876 43
2877 43
2878 43
2879 43
2880 44
2881 44
2882 44
2883 44
2884 44
2885 44
2886 44
2887 44
2888 44
2889 44
2890 44
2891 44
2892 44
2893 44
2894 44
2895 44
2896 44
2897 44
2898 44
2899 44
2900 44
2901 44
2902 44
2903 44
2904 44
2905 44
2906 44
2907 44
2908 44
2909 44
2910 44
2911 44
2912 44
2913 44
2914 44
2915 44
2916 44
2917 44
2918 44
2919 44
2920 44
2921 44
2922 44
2923 44
2924 44
2925 44
2926 44
2927 44
2928 44
2929 44
2930 44
2931 44
2932 44
2933 44
2934 44
2935 44
2936 44
2937 44
2938 44
2939 44
2940 44
2941 44
2942 44
2943 44
2944 45
2945 45
2946 45
2947 45
2948 45
2949 45
2950 45
2951 45
2952 45
2953 45
2954 45
2955 45
2956 45
2957 45
2958 45
2959 45
2960 45
2961 45
2962 45
2963 45
2964 45
2965 45
2966 45
2967 45
2968 45
2969 45
2970 45
2971 45
2972 45
2973 45
2974 45
2975 45
2976 45
2977 45
2978 45
2979 45
2980 45
2981 45
2982 45
2983 45
2984 45
2985 45
2986 45
2987 45
2988 45
2989 45
2990 45
2991 45
2992 45
2993 45
2994 45
2995 45
2996 45
2997 45
2998 45
2999 45
3000 45
3001 45
3002 45
3003 45
3004 45
3005 45
3006 45
3007 45
3008 46
3009 46
3010 46
3011 46
3012 46
3013 46
3014 46
3015 46
3016 46
3017 46
3018 46
3019 46
3020 46
3021 46
3022 46
3023 46
3024 46
3025 46
3026 46
3027 46
3028 46
3029 46
3030 46
3031 46
3032 46
3033 46
3034 46
3035 46
3036 46
3037 46
3038 46
3039 46
3040 46
3041 46
3042 46
3043 46
3044 46
3045 46
3046 46
3047 46
3048 46
3049 46
3050 46
3051 46
3052 46
3053 46
3054 46
3055 46
3056 46
3057 46
3058 46
3059 46
3060 46
3061 46
3062 46
3063 46
3064 46
3065 46
3066 46
3067 46
3068 46
3069 46
3070 46
3071 46
3072 47
3073 47
3074 47
3075 47
3076 47
3077 47
3078 47
3079 47
3080 47
3081 47
3082 47
3083 47
3084 47
3085 47
3086 47
3087 47
3088 47
3089 47
3090 47
3091 47
3092 47
3093 47
3094 47
3095 47
3096 47
3097 47
3098 47
3099 47
3100 47
3101 47
3102 47
3103 47
3104 47
3105 47
3106 47
3107 47
3108 47
3109 47
3110 47
3111 47
3112 47
3113 47
3114 47
3115 47
3116 47
3117 47
3118 47
3119 47
3120 47
3121 47
3122 47
3123 47
3124 47
3125 47
3126 47
3127 47
3128 47
3129 47
3130 47
3131 47
3132 47
3133 47
3134 47
3135 47
3136 48
3137 48
3138 48
3139 48
3140 48
3141 48
3142 48
3143 48
3144 48
3145 48
3146 48
3147 48
3148 48
3149 48
3150 48
3151 48
3152 48
3153 48
3154 48
3155 48
3156 48
3157 48
3158 48
3159 48
3160 48
3161 48
3162 48
3163 48
3164 48
3165 48
3166 48
3167 48
3168 48
3169 48
3170 48
3171 48
3172 48
3173 48
3174 48
3175 48
3176 48
3177 48
3178 48
3179 48
3180 48
3181 48
3182 48
3183 48
3184 48
3185 48
3186 48
3187 48
3188 48
3189 48
3190 48
3191 48
3192 48
3193 48
3194 48
3195 48
3196 48
3197 48
3198 48
3199 48
3200 37
3201 37
3202 37
3203 37
3204 37
3205 37
3206 37
3207 37
3208 37
3209 37
3210 37
3211 37
3212 37
3213 37
3214 37
3215 37
3216 37
3217 37
3218 37
3219 37
3220 37
3221 37
3222 37
3223 37
3224 37
3225 37
3226 37
3227 37
3228 37
3229 37
3230 37
3231 37
3232 37
3233 37
3234 37
3235 37
3236 37
3237 37
3238 37
3239 37
3240 37
3241 37
3242 37
3243 37
3244 37
3245 37
3246 37
3247 37
3248 37
3249 37
3250 37
3251 37
3252 37
3253 37
3254 37
3255 37
3256 37
3257 37
3258 37
3259 37
3260 37
3261 37
3262 37
3263 37
3264 49
3265 49
3266 49
3267 49
3268 49
3269 49
3270 49
3271 49
3272 49
3273 49
3274 49
3275 49
3276 49
3277 49
3278 49
3279 49
3280 49
3281 49
3282 49
3283 49
3284 49
3285 49
3286 49
3287 49
3288 49
3289 49
3290 49
3291 49
3292 49
3293 49
3294 49
3295 49
3296 49
3297 49
3298 49
3299 49
3300 49
3301 49
3302 49
3303 49
3304 49
3305 49
3306 49
3307 49
3308 49
3309 49
3310 49
3311 49
3312 49
3313 49
3314 49
3315 49
3316 49
3317 49
3318 49
3319 49
3320 49
3321 49
3322 49
3323 49
3324 49
3325 49
3326 49
3327 49
3328 50
3329 50
3330 50
3331 50
3332 50
3333 50
3334 50
3335 50
3336 50
3337 50
3338 50
3339 50
3340 50
3341 50
3342 50
3343 50
3344 50
3345 50
3346 50
3347 50
3348 50
3349 50
3350 50
3351 50
3352 50
3353 50
3354 50
3355 50
3356 50
3357 50
3358 50
3359 50
3360 50
3361 50
3362 50
3363 50
3364 50
3365 50
3366 50
3367 50
3368 50
3369 50
3370 50
3371 50
3372 50
3373 50
3374 50
3375 50
3376 50
3377 50
3378 50
3379 50
3380 50
3381 50
3382 50
3383 50
3384 50
3385 50
3386 50
3387 50
3388 50
3389 50
3390 50
3391 50
3392 51
3393 51
3394 51
3395 51
3396 51
3397 51
3398 51
3399 51
3400 51
3401 51
3402 51
3403 51
3404 51
3405 51
3406 51
3407 51
3408 51
3409 51
3410 51
3411 51
3412 51
3413 51
3414 51
3415 51
3416 51
3417 51
3418 51
3419 51
3420 51
3421 51
3422 51
3423 51
3424 51
3425 51
3426 51
3427 51
3428 51
3429 51
3430 51
3431 51
3432 51
3433 51
3434 51
3435 51
3436 51
3437 51
3438 51
3439 51
3440 51
3441 51
3442 51
3443 51
3444 51
3445 51
3446 51
3447 51
3448 51
3449 51
3450 51
3451 51
3452 51
3453 51
3454 51
3455 51
3456 52
3457 52
3458 52
3459 52
3460 52
3461 52
3462 52
3463 52
3464 52
3465 52
3466 52
3467 52
3468 52
3469 52
3470 52
3471 52
3472 52
3473 52
3474 52
3475 52
3476 52
3477 52
3478 52
3479 52
3480 52
3481 52
3482 52
3483 52
3484 52
3485 52
3486 52
3487 52
3488 52
3489 52
3490 52
3491 52
3492 52
3493 52
3494 52
3495 52
3496 52
3497 52
3498 52
3499 52
3500 52
3501 52
3502 52
3503 52
3504 52
3505 52
3506 52
3507 52
3508 52
3509 52
3510 52
3511 52
3512 52
3513 52
3514 52
3515 52
3516 52
3517 52
3518 52
3519 52
3520 53
3521 53
3522 53
3523 53
3524 53
3525 53
3526 53
3527 53
3528 53
3529 53
3530 53
3531 53
3532 53
3533 53
3534 53
3535 53
3536 53
3537 53
3538 53
3539 53
3540 53
3541 53
3542 53
3543 53
3544 53
3545 53
3546 53
3547 53
3548 53
3549 53
3550 53
3551 53
3552 53
3553 53
3554 53
3555 53
3556 53
3557 53
3558 53
3559 53
3560 53
3561 53
3562 53
3563 53
3564 53
3565 53
3566 53
3567 53
3568 53
3569 53
3570 53
3571 53
3572 53
3573 53
3574 53
3575 53
3576 53
3577 53
3578 53
3579 53
3580 53
3581 53
3582 53
3583 53
3584 54
3585 54
3586 54
3587 54
3588 54
3589 54
3590 54
3591 54
3592 54
3593 54
3594 54
3595 54
3596 54
3597 54
3598 54
3599 54
3600 54
3601 54
3602 54
3603 54
3604 54
3605 54
3606 54
3607 54
3608 54
3609 54
3610 54
3611 54
3612 54
3613 54
3614 54
3615 54
3616 54
3617 54
3618 54
3619 54
3620 54
3621 54
3622 54
3623 54
3624 54
3625 54
3626 54
3627 54
3628 54
3629 54
3630 54
3631 54
3632 54
3633 54
3634 54
3635 54
3636 54
3637 54
3638 54
3639 54
3640 54
3641 54
3642 54
3643 54
3644 54
3645 54
3646 54
3647 54
3648 55
3649 55
3650 55
3651 55
3652 55
3653 55
3654 55
3655 55
3656 55
3657 55
3658 55
3659 55
3660 55
3661 55
3662 55
3663 55
3664 55
3665 55
3666 55
3667 55
3668 55
3669 55
3670 55
3671 55
3672 55
3673 55
3674 55
3675 55
3676 55
3677 55
3678 55
3679 55
3680 55
3681 55
3682 55
3683 55
3684 55
3685 55
3686 55
3687 55
3688 55
3689 55
3690 55
3691 55
3692 55
3693 55
3694 55
3695 55
3696 55
3697 55
3698 55
3699 55
3700 55
3701 55
3702 55
3703 55
3704 55
3705 55
3706 55
3707 55
3708 55
3709 55
3710 55
3711 55
3712 56
3713 56
3714 56
3715 56
3716 56
3717 56
3718 56
3719 56
3720 56
3721 56
3722 56
3723 56
3724 56
3725 56
3726 56
3727 56
3728 56
3729 56
3730 56
3731 56
3732 56
3733 56
3734 56
3735 56
3736 56
3737 56
3738 56
3739 56
3740 56
3741 56
3742 56
3743 56
3744 56
3745 56
3746 56
3747 56
3748 56
3749 56
3750 56
3751 56
3752 56
3753 56
3754 56
3755 56
3756 56
3757 56
3758 56
3759 56
3760 56
3761 56
3762 56
3763 56
3764 56
3765 56
3766 56
3767 56
3768 56
3769 56
3770 56
3771 56
3772 56
3773 56
3774 56
3775 56
3776 57
3777 57
3778 57
3779 57
3780 57
3781 57
3782 57
3783 57
3784 57
3785 57
3786 57
3787 57
3788 57
3789 57
3790 57
3791 57
3792 57
3793 57
3794 57
3795 57
3796 57
3797 57
3798 57
3799 57
3800 57
3801 57
3802 57
3803 57
3804 57
3805 57
3806 57
3807 57
3808 57
3809 57
3810 57
3811 57
3812 57
3813 57
3814 57
3815 57
3816 57
3817 57
3818 57
3819 57
3820 57
3821 57
3822 57
3823 57
3824 57
3825 57
3826 57
3827 57
3828 57
3829 57
3830 57
3831 57
3832 57
3833 57
3834 57
3835 57
3836 57
3837 57
3838 57
3839 57
3840 58
3841 58
3842 58
3843 58
3844 58
3845 58
3846 58
3847 58
3848 58
3849 58
3850 58
3851 58
3852 58
3853 58
3854 58
3855 58
3856 58
3857 58
3858 58
3859 58
3860 58
3861 58
3862 58
3863 58
3864 58
3865 58
3866 58
3867 58
3868 58
3869 58
3870 58
3871 58
3872 58
3873 58
3874 58
3875 58
3876 58
3877 58
3878 58
3879 58
3880 58
3881 58
3882 58
3883 58
3884 58
3885 58
3886 58
3887 58
3888 58
3889 58
3890 58
3891 58
3892 58
3893 58
3894 58
3895 58
3896 58
3897 58
3898 58
3899 58
3900 58
3901 58
3902 58
3903 58
3904 59
3905 59
3906 59
3907 59
3908 59
3909 59
3910 59
3911 59
3912 59
3913 59
3914 59
3915 59
3916 59
3917 59
3918 59
3919 59
3920 59
3921 59
3922 59
3923 59
3924 59
3925 59
3926 59
3927 59
3928 59
3929 59
3930 59
3931 59
3932 59
3933 59
3934 59
3935 59
3936 59
3937 59
3938 59
3939 59
3940 59
3941 59
3942 59
3943 59
3944 59
3945 59
3946 59
3947 59
3948 59
3949 59
3950 59
3951 59
3952 59
3953 59
3954 59
3955 59
3956 59
3957 59
3958 59
3959 59
3960 59
3961 59
3962 59
3963 59
3964 59
3965 59
3966 59
3967 59
3968 60
3969 60
3970 60
3971 60
3972 60
3973 60
3974 60
3975 60
3976 60
3977 60
3978 60
3979 60
3980 60
3981 60
3982 60
3983 60
3984 60
3985 60
3986 60
3987 60
3988 60
3989 60
3990 60
3991 60
3992 60
3993 60
3994 60
3995 60
3996 60
3997 60
3998 60
3999 60
4000 60
4001 60
4002 60
4003 60
4004 60
4005 60
4006 60
4007 60
4008 60
4009 60
4010 60
4011 60
4012 60
4013 60
4014 60
4015 60
4016 60
4017 60
4018 60
4019 60
4020 60
4021 60
4022 60
4023 60
4024 60
4025 60
4026 60
4027 60
4028 60
4029 60
4030 60
4031 60
4032 61
4033 61
4034 61
4035 61
4036 61
4037 61
4038 61
4039 61
4040 61
4041 61
4042 61
4043 61
4044 61
4045 61
4046 61
4047 61
4048 61
4049 61
4050 61
4051 61
4052 61
4053 61
4054 61
4055 61
4056 61
4057 61
4058 61
4059 61
4060 61
4061 61
4062 61
4063 61
4064 61
4065 61
4066 61
4067 61
4068 61
4069 61
4070 61
4071 61
4072 61
4073 61
4074 61
4075 61
4076 61
4077 61
4078 61
4079 61
4080 61
4081 61
4082 61
4083 61
4084 61
4085 61
4086 61
4087 61
4088 61
4089 61
4090 61
4091 61
4092 61
4093 61
4094 61
4095 61
4096 62
4097 62
4098 62
4099 62
4100 62
4101 62
4102 62
4103 62
4104 62
4105 62
4106 62
4107 62
4108 62
4109 62
4110 62
4111 62
4112 62
4113 62
4114 62
4115 62
4116 62
4117 62
4118 62
4119 62
4120 62
4121 62
4122 62
4123 62
4124 62
4125 62
4126 62
4127 62
4128 62
4129 62
4130 62
4131 62
4132 62
4133 62
4134 62
4135 62
4136 62
4137 62
4138 62
4139 62
4140 62
4141 62
4142 62
4143 62
4144 62
4145 62
4146 62
4147 62
4148 62
4149 62
4150 62
4151 62
4152 62
4153 62
4154 62
4155 62
4156 62
4157 62
4158 62
4159 62
4160 63
4161 63
4162 63
4163 63
4164 63
4165 63
4166 63
4167 63
4168 63
4169 63
4170 63
4171 63
4172 63
4173 63
4174 63
4175 63
4176 63
4177 63
4178 63
4179 63
4180 63
4181 63
4182 63
4183 63
4184 63
4185 63
4186 63
4187 63
4188 63
4189 63
4190 63
4191 63
4192 63
4193 63
4194 63
4195 63
4196 63
4197 63
4198 63
4199 63
4200 63
4201 63
4202 63
4203 63
4204 63
4205 63
4206 63
4207 63
4208 63
4209 63
4210 63
4211 63
4212 63
4213 63
4214 63
4215 63
4216 63
4217 63
4218 63
4219 63
4220 63
4221 63
4222 63
4223 63
4224 64
4225 64
4226 64
4227 64
4228 64
4229 64
4230 64
4231 64
4232 64
4233 64
4234 64
4235 64
4236 64
4237 64
4238 64
4239 64
4240 64
4241 64
4242 64
4243 64
4244 64
4245 64
4246 64
4247 64
4248 64
4249 64
4250 64
4251 64
4252 64
4253 64
4254 64
4255 64
4256 64
4257 64
4258 64
4259 64
4260 64
4261 64
4262 64
4263 64
4264 64
4265 64
4266 64
4267 64
4268 64
4269 64
4270 64
4271 64
4272 64
4273 64
4274 64
4275 64
4276 64
4277 64
4278 64
4279 64
4280 64
4281 64
4282 64
4283 64
4284 64
4285 64
4286 64
4287 64
4288 65
4289 65
4290 65
4291 65
4292 65
4293 65
4294 65
4295 65
4296 65
4297 65
4298 65
4299 65
4300 65
4301 65
4302 65
4303 65
4304 65
4305 65
4306 65
4307 65
4308 65
4309 65
4310 65
4311 65
4312 65
4313 65
4314 65
4315 65
4316 65
4317 65
4318 65
4319 65
4320 65
4321 65
4322 65
4323 65
4324 65
4325 65
4326 65
4327 65
4328 65
4329 65
4330 65
4331 65
4332 65
4333 65
4334 65
4335 65
4336 65
4337 65
4338 65
4339 65
4340 65
4341 65
4342 65
4343 65
4344 65
4345 65
4346 65
4347 65
4348 65
4349 65
4350 65
4351 65
4352 66
4353 66
4354 66
4355 66
4356 66
4357 66
4358 66
4359 66
4360 66
4361 66
4362 66
4363 66
4364 66
4365 66
4366 66
4367 66
4368 66
4369 66
4370 66
4371 66
4372 66
4373 66
4374 66
4375 66
4376 66
4377 66
4378 66
4379 66
4380 66
4381 66
4382 66
4383 66
4384 66
4385 66
4386 66
4387 66
4388 66
4389 66
4390 66
4391 66
4392 66
4393 66
4394 66
4395 66
4396 66
4397 66
4398 66
4399 66
4400 66
4401 66
4402 66
4403 66
4404 66
4405 66
4406 66
4407 66
4408 66
4409 66
4410 66
4411 66
4412 66
4413 66
4414 66
4415 66
4416 67
4417 67
4418 67
4419 67
4420 67
4421 67
4422 67
4423 67
4424 67
4425 67
4426 67
4427 67
4428 67
4429 67
4430 67
4431 67
4432 67
4433 67
4434 67
4435 67
4436 67
4437 67
4438 67
4439 67
4440 67
4441 67
4442 67
4443 67
4444 67
4445 67
4446 67
4447 67
4448 67
4449 67
4450 67
4451 67
4452 67
4453 67
4454 67
4455 67
4456 67
4457 67
4458 67
4459 67
4460 67
4461 67
4462 67
4463 67
4464 67
4465 67
4466 67
4467 67
4468 67
4469 67
4470 67
4471 67
4472 67
4473 67
4474 67
4475 67
4476 67
4477 67
4478 67
4479 67
4480 68
4481 68
4482 68
4483 68
4484 68
4485 68
4486 68
4487 68
4488 68
4489 68
4490 68
4491 68
4492 68
4493 68
4494 68
4495 68
4496 68
4497 68
4498 68
4499 68
4500 68
4501 68
4502 68
4503 68
4504 68
4505 68
4506 68
4507 68
4508 68
4509 68
4510 68
4511 68
4512 68
4513 68
4514 68
4515 68
4516 68
4517 68
4518 68
4519 68
4520 68
4521 68
4522 68
4523 68
4524 68
4525 68
4526 68
4527 68
4528 68
4529 68
4530 68
4531 68
4532 68
4533 68
4534 68
4535 68
4536 68
4537 68
4538 68
4539 68
4540 68
4541 68
4542 68
4543 68
4544 69
4545 69
4546 69
4547 69
4548 69
4549 69
4550 69
4551 69
4552 69
4553 69
4554 69
4555 69
4556 69
4557 69
4558 69
4559 69
4560 69
4561 69
4562 69
4563 69
4564 69
4565 69
4566 69
4567 69
4568 69
4569 69
4570 69
4571 69
4572 69
4573 69
4574 69
4575 69
4576 69
4577 69
4578 69
4579 69
4580 69
4581 69
4582 69
4583 69
4584 69
4585 69
4586 69
4587 69
4588 69
4589 69
4590 69
4591 69
4592 69
4593 69
4594 69
4595 69
4596 69
4597 69
4598 69
4599 69
4600 69
4601 69
4602 69
4603 69
4604 69
4605 69
4606 69
4607 69
4608 70
4609 70
4610 70
4611 70
4612 70
4613 70
4614 70
4615 70
4616 70
4617 70
4618 70
4619 70
4620 70
4621 70
4622 70
4623 70
4624 70
4625 70
4626 70
4627 70
4628 70
4629 70
4630 70
4631 70
4632 70
4633 70
4634 70
4635 70
4636 70
4637 70
4638 70
4639 70
4640 70
4641 70
4642 70
4643 70
4644 70
4645 70
4646 70
4647 70
4648 70
4649 70
4650 70
4651 70
4652 70
4653 70
4654 70
4655 70
4656 70
4657 70
4658 70
4659 70
4660 70
4661 70
4662 70
4663 70
4664 70
4665 70
4666 70
4667 70
4668 70
4669 70
4670 70
4671 70
4672 71
4673 71
4674 71
4675 71
4676 71
4677 71
4678 71
4679 71
4680 71
4681 71
4682 71
4683 71
4684 71
4685 71
4686 71
4687 71
4688 71
4689 71
4690 71
4691 71
4692 71
4693 71
4694 71
4695 71
4696 71
4697 71
4698 71
4699 71
4700 71
4701 71
4702 71
4703 71
4704 71
4705 71
4706 71
4707 71
4708 71
4709 71
4710 71
4711 71
4712 71
4713 71
4714 71
4715 71
4716 71
4717 71
4718 71
4719 71
4720 71
4721 71
4722 71
4723 71
4724 71
4725 71
4726 71
4727 71
4728 71
4729 71
4730 71
4731 71
4732 71
4733 71
4734 71
4735 71
4736 72
4737 72
4738 72
4739 72
4740 72
4741 72
4742 72
4743 72
4744 72
4745 72
4746 72
4747 72
4748 72
4749 72
4750 72
4751 72
4752 72
4753 72
4754 72
4755 72
4756 72
4757 72
4758 72
4759 72
4760 72
4761 72
4762 72
4763 72
4764 72
4765 72
4766 72
4767 72
4768 72
4769 72
4770 72
4771 72
4772 72
4773 72
4774 72
4775 72
4776 72
4777 72
4778 72
4779 72
4780 72
4781 72
4782 72
4783 72
4784 72
4785 72
4786 72
4787 72
4788 72
4789 72
4790 72
4791 72
4792 72
4793 72
4794 72
4795 72
4796 72
4797 72
4798 72
4799 72
4800 73
4801 73
4802 73
4803 73
4804 73
4805 73
4806 73
4807 73
4808 73
4809 73
4810 73
4811 73
4812 73
4813 73
4814 73
4815 73
4816 73
4817 73
4818 73
4819 73
4820 73
4821 73
4822 73
4823 73
4824 73
4825 73
4826 73
4827 73
4828 73
4829 73
4830 73
4831 73
4832 73
4833 73
4834 73
4835 73
4836 73
4837 73
4838 73
4839 73
4840 73
4841 73
4842 73
4843 73
4844 73
4845 73
4846 73
4847 73
4848 73
4849 73
4850 73
4851 73
4852 73
4853 73
4854 73
4855 73
4856 73
4857 73
4858 73
4859 73
4860 73
4861 73
4862 73
4863 73
4864 74
4865 74
4866 74
4867 74
4868 74
4869 74
4870 74
4871 74
4872 74
4873 74
4874 74
4875 74
4876 74
4877 74
4878 74
4879 74
4880 74
4881 74
4882 74
4883 74
4884 74
4885 74
4886 74
4887 74
4888 74
4889 74
4890 74
4891 74
4892 74
4893 74
4894 74
4895 74
4896 74
4897 74
4898 74
4899 74
4900 74
4901 74
4902 74
4903 74
4904 74
4905 74
4906 74
4907 74
4908 74
4909 74
4910 74
4911 74
4912 74
4913 74
4914 74
4915 74
4916 74
4917 74
4918 74
4919 74
4920 74
4921 74
4922 74
4923 74
4924 74
4925 74
4926 74
4927 74
4928 75
4929 75
4930 75
4931 75
4932 75
4933 75
4934 75
4935 75
4936 75
4937 75
4938 75
4939 75
4940 75
4941 75
4942 75
4943 75
4944 75
4945 75
4946 75
4947 75
4948 75
4949 75
4950 75
4951 75
4952 75
4953 75
4954 75
4955 75
4956 75
4957 75
4958 75
4959 75
4960 75
4961 75
4962 75
4963 75
4964 75
4965 75
4966 75
4967 75
4968 75
4969 75
4970 75
4971 75
4972 75
4973 75
4974 75
4975 75
4976 75
4977 75
4978 75
4979 75
4980 75
4981 75
4982 75
4983 75
4984 75
4985 75
4986 75
4987 75
4988 75
4989 75
4990 75
4991 75
4992 76
4993 76
4994 76
4995 76
4996 76
4997 76
4998 76
4999 76
5000 76
5001 76
5002 76
5003 76
5004 76
5005 76
5006 76
5007 76
5008 76
5009 76
5010 76
5011 76
5012 76
5013 76
5014 76
5015 76
5016 76
5017 76
5018 76
5019 76
5020 76
5021 76
5022 76
5023 76
5024 76
5025 76
5026 76
5027 76
5028 76
5029 76
5030 76
5031 76
5032 76
5033 76
5034 76
5035 76
5036 76
5037 76
5038 76
5039 76
5040 76
5041 76
5042 76
5043 76
5044 76
5045 76
5046 76
5047 76
5048 76
5049 76
5050 76
5051 76
5052 76
5053 76
5054 76
5055 76
5056 77
5057 77
5058 77
5059 77
5060 77
5061 77
5062 77
5063 77
5064 77
5065 77
5066 77
5067 77
5068 77
5069 77
5070 77
5071 77
5072 77
5073 77
5074 77
5075 77
5076 77
5077 77
5078 77
5079 77
5080 77
5081 77
5082 77
5083 77
5084 77
5085 77
5086 77
5087 77
5088 77
5089 77
5090 77
5091 77
5092 77
5093 77
5094 77
5095 77
5096 77
5097 77
5098 77
5099 77
5100 77
5101 77
5102 77
5103 77
5104 77
5105 77
5106 77
5107 77
5108 77
5109 77
5110 77
5111 77
5112 77
5113 77
5114 77
5115 77
5116 77
5117 77
5118 77
5119 77
5120 78
5121 78
5122 78
5123 78
5124 78
5125 78
5126 78
5127 78
5128 78
5129 78
5130 78
5131 78
5132 78
5133 78
5134 78
5135 78
5136 78
5137 78
5138 78
5139 78
5140 78
5141 78
5142 78
5143 78
5144 78
5145 78
5146 78
5147 78
5148 78
5149 78
5150 78
5151 78
5152 78
5153 78
5154 78
5155 78
5156 78
5157 78
5158 78
5159 78
5160 78
5161 78
5162 78
5163 78
5164 78
5165 78
5166 78
5167 78
5168 78
5169 78
5170 78
5171 78
5172 78
5173 78
5174 78
5175 78
5176 78
5177 78
5178 78
5179 78
5180 78
5181 78
5182 78
5183 78
5184 79
5185 79
5186 79
5187 79
5188 79
5189 79
5190 79
5191 79
5192 79
5193 79
5194 79
5195 79
5196 79
5197 79
5198 79
5199 79
5200 79
5201 79
5202 79
5203 79
5204 79
5205 79
5206 79
5207 79
5208 79
5209 79
5210 79
5211 79
5212 79
5213 79
5214 79
5215 79
5216 79
5217 79
5218 79
5219 79
5220 79
5221 79
5222 79
5223 79
5224 79
5225 79
5226 79
5227 79
5228 79
5229 79
5230 79
5231 79
5232 79
5233 79
5234 79
5235 79
5236 79
5237 79
5238 79
5239 79
5240 79
5241 79
5242 79
5243 79
5244 79
5245 79
5246 79
5247 79
5248 80
5249 80
5250 80
5251 80
5252 80
5253 80
5254 80
5255 80
5256 80
5257 80
5258 80
5259 80
5260 80
5261 80
5262 80
5263 80
5264 80
5265 80
5266 80
5267 80
5268 80
5269 80
5270 80
5271 80
5272 80
5273 80
5274 80
5275 80
5276 80
5277 80
5278 80
5279 80
5280 80
5281 80
5282 80
5283 80
5284 80
5285 80
5286 80
5287 80
5288 80
5289 80
5290 80
5291 80
5292 80
5293 80
5294 80
5295 80
5296 80
5297 80
5298 80
5299 80
5300 80
5301 80
5302 80
5303 80
5304 80
5305 80
5306 80
5307 80
5308 80
5309 80
5310 80
5311 80
5312 81
5313 81
5314 81
5315 81
5316 81
5317 81
5318 81
5319 81
5320 81
5321 81
5322 81
5323 81
5324 81
5325 81
5326 81
5327 81
5328 81
5329 81
5330 81
5331 81
5332 81
5333 81
5334 81
5335 81
5336 81
5337 81
5338 81
5339 81
5340 81
5341 81
5342 81
5343 81
5344 81
5345 81
5346 81
5347 81
5348 81
5349 81
5350 81
5351 81
5352 81
5353 81
5354 81
5355 81
5356 81
5357 81
5358 81
5359 81
5360 81
5361 81
5362 81
5363 81
5364 81
5365 81
5366 81
5367 81
5368 81
5369 81
5370 81
5371 81
5372 81
5373 81
5374 81
5375 81
5376 82
5377 82
5378 82
5379 82
5380 82
5381 82
5382 82
5383 82
5384 82
5385 82
5386 82
5387 82
5388 82
5389 82
5390 82
5391 82
5392 82
5393 82
5394 82
5395 82
5396 82
5397 82
5398 82
5399 82
5400 82
5401 82
5402 82
5403 82
5404 82
5405 82
5406 82
5407 82
5408 82
5409 82
5410 82
5411 82
5412 82
5413 82
5414 82
5415 82
5416 82
5417 82
5418 82
5419 82
5420 82
5421 82
5422 82
5423 82
5424 82
5425 82
5426 82
5427 82
5428 82
5429 82
5430 82
5431 82
5432 82
5433 82
5434 82
5435 82
5436 82
5437 82
5438 82
5439 82
5440 83
5441 83
5442 83
5443 83
5444 83
5445 83
5446 83
5447 83
5448 83
5449 83
5450 83
5451 83
5452 83
5453 83
5454 83
5455 83
5456 83
5457 83
5458 83
5459 83
5460 83
5461 83
5462 83
5463 83
5464 83
5465 83
5466 83
5467 83
5468 83
5469 83
5470 83
5471 83
5472 83
5473 83
5474 83
5475 83
5476 83
5477 83
5478 83
5479 83
5480 83
5481 83
5482 83
5483 83
5484 83
5485 83
5486 83
5487 83
5488 83
5489 83
5490 83
5491 83
5492 83
5493 83
5494 83
5495 83
5496 83
5497 83
5498 83
5499 83
5500 83
5501 83
5502 83
5503 83
5504 84
5505 84
5506 84
5507 84
5508 84
5509 84
5510 84
5511 84
5512 84
5513 84
5514 84
5515 84
5516 84
5517 84
5518 84
5519 84
5520 84
5521 84
5522 84
5523 84
5524 84
5525 84
5526 84
5527 84
5528 84
5529 84
5530 84
5531 84
5532 84
5533 84
5534 84
5535 84
5536 84
5537 84
5538 84
5539 84
5540 84
5541 84
5542 84
5543 84
5544 84
5545 84
5546 84
5547 84
5548 84
5549 84
5550 84
5551 84
5552 84
5553 84
5554 84
5555 84
5556 84
5557 84
5558 84
5559 84
5560 84
5561 84
5562 84
5563 84
5564 84
5565 84
5566 84
5567 84
5568 85
5569 85
5570 85
5571 85
5572 85
5573 85
5574 85
5575 85
5576 85
5577 85
5578 85
5579 85
5580 85
5581 85
5582 85
5583 85
5584 85
5585 85
5586 85
5587 85
5588 85
5589 85
5590 85
5591 85
5592 85
5593 85
5594 85
5595 85
5596 85
5597 85
5598 85
5599 85
5600 85
5601 85
5602 85
5603 85
5604 85
5605 85
5606 85
5607 85
5608 85
5609 85
5610 85
5611 85
5612 85
5613 85
5614 85
5615 85
5616 85
5617 85
5618 85
5619 85
5620 85
5621 85
5622 85
5623 85
5624 85
5625 85
5626 85
5627 85
5628 85
5629 85
5630 85
5631 85
5632 86
5633 86
5634 86
5635 86
5636 86
5637 86
5638 86
5639 86
5640 86
5641 86
5642 86
5643 86
5644 86
5645 86
5646 86
5647 86
5648 86
5649 86
5650 86
5651 86
5652 86
5653 86
5654 86
5655 86
5656 86
5657 86
5658 86
5659 86
5660 86
5661 86
5662 86
5663 86
5664 86
5665 86
5666 86
5667 86
5668 86
5669 86
5670 86
5671 86
5672 86
5673 86
5674 86
5675 86
5676 86
5677 86
5678 86
5679 86
5680 86
5681 86
5682 86
5683 86
5684 86
5685 86
5686 86
5687 86
5688 86
5689 86
5690 86
5691 86
5692 86
5693 86
5694 86
5695 86
5696 87
5697 87
5698 87
5699 87
5700 87
5701 87
5702 87
5703 87
5704 87
5705 87
5706 87
5707 87
5708 87
5709 87
5710 87
5711 87
5712 87
5713 87
5714 87
5715 87
5716 87
5717 87
5718 87
5719 87
5720 87
5721 87
5722 87
5723 87
5724 87
5725 87
5726 87
5727 87
5728 87
5729 87
5730 87
5731 87
5732 87
5733 87
5734 87
5735 87
5736 87
5737 87
5738 87
5739 87
5740 87
5741 87
5742 87
5743 87
5744 87
5745 87
5746 87
5747 87
5748 87
5749 87
5750 87
5751 87
5752 87
5753 87
5754 87
5755 87
5756 87
5757 87
5758 87
5759 87
5760 88
5761 88
5762 88
5763 88
5764 88
5765 88
5766 88
5767 88
5768 88
5769 88
5770 88
5771 88
5772 88
5773 88
5774 88
5775 88
5776 88
5777 88
5778 88
5779 88
5780 88
5781 88
5782 88
5783 88
5784 88
5785 88
5786 88
5787 88
5788 88
5789 88
5790 88
5791 88
5792 88
5793 88
5794 88
5795 88
5796 88
5797 88
5798 88
5799 88
5800 88
5801 88
5802 88
5803 88
5804 88
5805 88
5806 88
5807 88
5808 88
5809 88
5810 88
5811 88
5812 88
5813 88
5814 88
5815 88
5816 88
5817 88
5818 88
5819 88
5820 88
5821 88
5822 88
5823 88
5824 89
5825 89
5826 89
5827 89
5828 89
5829 89
5830 89
5831 89
5832 89
5833 89
5834 89
5835 89
5836 89
5837 89
5838 89
5839 89
5840 89
5841 89
5842 89
5843 89
5844 89
5845 89
5846 89
5847 89
5848 89
5849 89
5850 89
5851 89
5852 89
5853 89
5854 89
5855 89
5856 89
5857 89
5858 89
5859 89
5860 89
5861 89
5862 89
5863 89
5864 89
5865 89
5866 89
5867 89
5868 89
5869 89
5870 89
5871 89
5872 89
5873 89
5874 89
5875 89
5876 89
5877 89
5878 89
5879 89
5880 89
5881 89
5882 89
5883 89
5884 89
5885 89
5886 89
5887 89
5888 90
5889 90
5890 90
5891 90
5892 90
5893 90
5894 90
5895 90
5896 90
5897 90
5898 90
5899 90
5900 90
5901 90
5902 90
5903 90
5904 90
5905 90
5906 90
5907 90
5908 90
5909 90
5910 90
5911 90
5912 90
5913 90
5914 90
5915 90
5916 90
5917 90
5918 90
5919 90
5920 90
5921 90
5922 90
5923 90
5924 90
5925 90
5926 90
5927 90
5928 90
5929 90
5930 90
5931 90
5932 90
5933 90
5934 90
5935 90
5936 90
5937 90
5938 90
5939 90
5940 90
5941 90
5942 90
5943 90
5944 90
5945 90
5946 90
5947 90
5948 90
5949 90
5950 90
5951 90
5952 91
5953 91
5954 91
5955 91
5956 91
5957 91
5958 91
5959 91
5960 91
5961 91
5962 91
5963 91
5964 91
5965 91
5966 91
5967 91
5968 91
5969 91
5970 91
5971 91
5972 91
5973 91
5974 91
5975 91
5976 91
5977 91
5978 91
5979 91
5980 91
5981 91
5982 91
5983 91
5984 91
5985 91
5986 91
5987 91
5988 91
5989 91
5990 91
5991 91
5992 91
5993 91
5994 91
5995 91
5996 91
5997 91
5998 91
5999 91
6000 91
6001 91
6002 91
6003 91
6004 91
6005 91
6006 91
6007 91
6008 91
6009 91
6010 91
6011 91
6012 91
6013 91
6014 91
6015 91
6016 92
6017 92
6018 92
6019 92
6020 92
6021 92
6022 92
6023 92
6024 92
6025 92
6026 92
6027 92
6028 92
6029 92
6030 92
6031 92
6032 92
6033 92
6034 92
6035 92
6036 92
6037 92
6038 92
6039 92
6040 92
6041 92
6042 92
6043 92
6044 92
6045 92
6046 92
6047 92
6048 92
6049 92
6050 92
6051 92
6052 92
6053 92
6054 92
6055 92
6056 92
6057 92
6058 92
6059 92
6060 92
6061 92
6062 92
6063 92
6064 92
6065 92
6066 92
6067 92
6068 92
6069 92
6070 92
6071 92
6072 92
6073 92
6074 92
6075 92
6076 92
6077 92
6078 92
6079 92
6080 93
6081 93
6082 93
6083 93
6084 93
6085 93
6086 93
6087 93
6088 93
6089 93
6090 93
6091 93
6092 93
6093 93
6094 93
6095 93
6096 93
6097 93
6098 93
6099 93
6100 93
6101 93
6102 93
6103 93
6104 93
6105 93
6106 93
6107 93
6108 93
6109 93
6110 93
6111 93
6112 93
6113 93
6114 93
6115 93
6116 93
6117 93
6118 93
6119 93
6120 93
6121 93
6122 93
6123 93
6124 93
6125 93
6126 93
6127 93
6128 93
6129 93
6130 93
6131 93
6132 93
6133 93
6134 93
6135 93
6136 93
6137 93
6138 93
6139 93
6140 93
6141 93
6142 93
6143 93
6144 91
6145 91
6146 91
6147 91
6148 91
6149 91
6150 91
6151 91
6152 91
6153 91
6154 91
6155 91
6156 91
6157 91
6158 91
6159 91
6160 91
6161 91
6162 91
6163 91
6164 91
6165 91
6166 91
6167 91
6168 91
6169 91
6170 91
6171 91
6172 91
6173 91
6174 91
6175 91
6176 91
6177 91
6178 91
6179 91
6180 91
6181 91
6182 91
6183 91
6184 91
6185 91
6186 91
6187 91
6188 91
6189 91
6190 91
6191 91
6192 91
6193 91
6194 91
6195 91
6196 91
6197 91
6198 91
6199 91
6200 91
6201 91
6202 91
6203 91
6204 91
6205 91
6206 91
6207 91
6208 94
6209 94
6210 94
6211 94
6212 94
6213 94
6214 94
6215 94
6216 94
6217 94
6218 94
6219 94
6220 94
6221 94
6222 94
6223 94
6224 94
6225 94
6226 94
6227 94
6228 94
6229 94
6230 94
6231 94
6232 94
6233 94
6234 94
6235 94
6236 94
6237 94
6238 94
6239 94
6240 94
6241 94
6242 94
6243 94
6244 94
6245 94
6246 94
6247 94
6248 94
6249 94
6250 94
6251 94
6252 94
6253 94
6254 94
6255 94
6256 94
6257 94
6258 94
6259 94
6260 94
6261 94
6262 94
6263 94
6264 94
6265 94
6266 94
6267 94
6268 94
6269 94
6270 94
6271 94
6272 95
6273 95
6274 95
6275 95
6276 95
6277 95
6278 95
6279 95
6280 95
6281 95
6282 95
6283 95
6284 95
6285 95
6286 95
6287 95
6288 95
6289 95
6290 95
6291 95
6292 95
6293 95
6294 95
6295 95
6296 95
6297 95
6298 95
6299 95
6300 95
6301 95
6302 95
6303 95
6304 95
6305 95
6306 95
6307 95
6308 95
6309 95
6310 95
6311 95
6312 95
6313 95
6314 95
6315 95
6316 95
6317 95
6318 95
6319 95
6320 95
6321 95
6322 95
6323 95
6324 95
6325 95
6326 95
6327 95
6328 95
6329 95
6330 95
6331 95
6332 95
6333 95
6334 95
6335 95
6336 96
6337 96
6338 96
6339 96
6340 96
6341 96
6342 96
6343 96
6344 96
6345 96
6346 96
6347 96
6348 96
6349 96
6350 96
6351 96
6352 96
6353 96
6354 96
6355 96
6356 96
6357 96
6358 96
6359 96
6360 96
6361 96
6362 96
6363 96
6364 96
6365 96
6366 96
6367 96
6368 96
6369 96
6370 96
6371 96
6372 96
6373 96
6374 96
6375 96
6376 96
6377 96
6378 96
6379 96
6380 96
6381 96
6382 96
6383 96
6384 96
6385 96
6386 96
6387 96
6388 96
6389 96
6390 96
6391 96
6392 96
6393 96
6394 96
6395 96
6396 96
6397 96
6398 96
6399 96
6400 97
6401 97
6402 97
6403 97
6404 97
6405 97
6406 97
6407 97
6408 97
6409 97
6410 97
6411 97
6412 97
6413 97
6414 97
6415 97
6416 97
6417 97
6418 97
6419 97
6420 97
6421 97
6422 97
6423 97
6424 97
6425 97
6426 97
6427 97
6428 97
6429 97
6430 97
6431 97
6432 97
6433 97
6434 97
6435 97
6436 97
6437 97
6438 97
6439 97
6440 97
6441 97
6442 97
6443 97
6444 97
6445 97
6446 97
6447 97
6448 97
6449 97
6450 97
6451 97
6452 97
6453 97
6454 97
6455 97
6456 97
6457 97
6458 97
6459 97
6460 97
6461 97
6462 97
6463 97
6464 98
6465 98
6466 98
6467 98
6468 98
6469 98
6470 98
6471 98
6472 98
6473 98
6474 98
6475 98
6476 98
6477 98
6478 98
6479 98
6480 98
6481 98
6482 98
6483 98
6484 98
6485 98
6486 98
6487 98
6488 98
6489 98
6490 98
6491 98
6492 98
6493 98
6494 98
6495 98
6496 98
6497 98
6498 98
6499 98
6500 98
6501 98
6502 98
6503 98
6504 98
6505 98
6506 98
6507 98
6508 98
6509 98
6510 98
6511 98
6512 98
6513 98
6514 98
6515 98
6516 98
6517 98
6518 98
6519 98
6520 98
6521 98
6522 98
6523 98
6524 98
6525 98
6526 98
6527 98
6528 99
6529 99
6530 99
6531 99
6532 99
6533 99
6534 99
6535 99
6536 99
6537 99
6538 99
6539 99
6540 99
6541 99
6542 99
6543 99
6544 99
6545 99
6546 99
6547 99
6548 99
6549 99
6550 99
6551 99
6552 99
6553 99
6554 99
6555 99
6556 99
6557 99
6558 99
6559 99
6560 99
6561 99
6562 99
6563 99
6564 99
6565 99
6566 99
6567 99
6568 99
6569 99
6570 99
6571 99
6572 99
6573 99
6574 99
6575 99
6576 99
6577 99
6578 99
6579 99
6580 99
6581 99
6582 99
6583 99
6584 99
6585 99
6586 99
6587 99
6588 99
6589 99
6590 99
6591 99
