0 0
1 0
2 0
3 0
4 0
5 0
6 0
7 0
8 0
9 0
10 0
11 0
12 0
13 0
14 0
15 0
16 0
17 0
18 0
19 0
20 0
21 0
22 0
23 0
24 0
25 0
26 0
27 0
28 0
29 0
30 0
31 0
32 0
33 0
34 0
35 0
36 0
37 0
38 0
39 0
40 0
41 0
42 0
43 0
44 0
45 0
46 0
47 0
48 0
49 0
50 0
51 0
52 0
53 0
54 0
55 0
56 0
57 0
58 0
59 0
60 0
61 0
62 0
63 0
64 1
65 1
66 1
67 1
68 1
69 1
70 1
71 1
72 1
73 1
74 1
75 1
76 1
77 1
78 1
79 1
80 1
81 1
82 1
83 1
84 1
85 1
86 1
87 1
88 1
89 1
90 1
91 1
92 1
93 1
94 1
95 1
96 1
97 1
98 1
99 1
100 1
101 1
102 1
103 1
104 1
105 1
106 1
107 1
108 1
109 1
110 1
111 1
112 1
113 1
114 1
115 1
116 1
117 1
118 1
119 1
120 1
121 1
122 1
123 1
124 1
125 1
126 1
127 1
128 2
129 2
130 2
131 2
132 2
133 2
134 2
135 2
136 2
137 2
138 2
139 2
140 2
141 2
142 2
143 2
144 2
145 2
146 2
147 2
148 2
149 2
150 2
151 2
152 2
153 2
154 2
155 2
156 2
157 2
158 2
159 2
160 2
161 2
162 2
163 2
164 2
165 2
166 2
167 2
168 2
169 2
170 2
171 2
172 2
173 2
174 2
175 2
176 2
177 2
178 2
179 2
180 2
181 2
182 2
183 2
184 2
185 2
186 2
187 2
188 2
189 2
190 2
191 2
192 3
193 3
194 3
195 3
196 3
197 3
198 3
199 3
200 3
201 3
202 3
203 3
204 3
205 3
206 3
207 3
208 3
209 3
210 3
211 3
212 3
213 3
214 3
215 3
216 3
217 3
218 3
219 3
220 3
221 3
222 3
223 3
224 3
225 3
226 3
227 3
228 3
229 3
230 3
231 3
232 3
233 3
234 3
235 3
236 3
237 3
238 3
239 3
240 3
241 3
242 3
243 3
244 3
245 3
246 3
247 3
248 3
249 3
250 3
251 3
252 3
253 3
254 3
255 3
256 4
257 4
258 4
259 4
260 4
261 4
262 4
263 4
264 4
265 4
266 4
267 4
268 4
269 4
270 4
271 4
272 4
273 4
274 4
275 4
276 4
277 4
278 4
279 4
280 4
281 4
282 4
283 4
284 4
285 4
286 4
287 4
288 4
289 4
290 4
291 4
292 4
293 4
294 4
295 4
296 4
297 4
298 4
299 4
300 4
301 4
302 4
303 4
304 4
305 4
306 4
307 4
308 4
309 4
310 4
311 4
312 4
313 4
314 4
315 4
316 4
317 4
318 4
319 4
320 5
321 5
322 5
323 5
324 5
325 5
326 5
327 5
328 5
329 5
330 5
331 5
332 5
333 5
334 5
335 5
336 5
337 5
338 5
339 5
340 5
341 5
342 5
343 5
344 5
345 5
346 5
347 5
348 5
349 5
350 5
351 5
352 5
353 5
354 5
355 5
356 5
357 5
358 5
359 5
360 5
361 5
362 5
363 5
364 5
365 5
366 5
367 5
368 5
369 5
370 5
371 5
372 5
373 5
374 5
375 5
376 5
377 5
378 5
379 5
380 5
381 5
382 5
383 5
384 6
385 6
386 6
387 6
388 6
389 6
390 6
391 6
392 6
393 6
394 6
395 6
396 6
397 6
398 6
399 6
400 6
401 6
402 6
403 6
404 6
405 6
406 6
407 6
408 6
409 6
410 6
411 6
412 6
413 6
414 6
415 6
416 6
417 6
418 6
419 6
420 6
421 6
422 6
423 6
424 6
425 6
426 6
427 6
428 6
429 6
430 6
431 6
432 6
433 6
434 6
435 6
436 6
437 6
438 6
439 6
440 6
441 6
442 6
443 6
444 6
445 6
446 6
447 6
448 7
449 7
450 7
451 7
452 7
453 7
454 7
455 7
456 7
457 7
458 7
459 7
460 7
461 7
462 7
463 7
464 7
465 7
466 7
467 7
468 7
469 7
470 7
471 7
472 7
473 7
474 7
475 7
476 7
477 7
478 7
479 7
480 7
481 7
482 7
483 7
484 7
485 7
486 7
487 7
488 7
489 7
490 7
491 7
492 7
493 7
494 7
495 7
496 7
497 7
498 7
499 7
500 7
501 7
502 7
503 7
504 7
505 7
506 7
507 7
508 7
509 7
510 7
511 7
512 8
513 8
514 8
515 8
516 8
517 8
518 8
519 8
520 8
521 8
522 8
523 8
524 8
525 8
526 8
527 8
528 8
529 8
530 8
531 8
532 8
533 8
534 8
535 8
536 8
537 8
538 8
539 8
540 8
541 8
542 8
543 8
544 8
545 8
546 8
547 8
548 8
549 8
550 8
551 8
552 8
553 8
554 8
555 8
556 8
557 8
558 8
559 8
560 8
561 8
562 8
563 8
564 8
565 8
566 8
567 8
568 8
569 8
570 8
571 8
572 8
573 8
574 8
575 8
576 9
577 9
578 9
579 9
580 9
581 9
582 9
583 9
584 9
585 9
586 9
587 9
588 9
589 9
590 9
591 9
592 9
593 9
594 9
595 9
596 9
597 9
598 9
599 9
600 9
601 9
602 9
603 9
604 9
605 9
606 9
607 9
608 9
609 9
610 9
611 9
612 9
613 9
614 9
615 9
616 9
617 9
618 9
619 9
620 9
621 9
622 9
623 9
624 9
625 9
626 9
627 9
628 9
629 9
630 9
631 9
632 9
633 9
634 9
635 9
636 9
637 9
638 9
639 9
640 10
641 10
642 10
643 10
644 10
645 10
646 10
647 10
648 10
649 10
650 10
651 10
652 10
653 10
654 10
655 10
656 10
657 10
658 10
659 10
660 10
661 10
662 10
663 10
664 10
665 10
666 10
667 10
668 10
669 10
670 10
671 10
672 10
673 10
674 10
675 10
676 10
677 10
678 10
679 10
680 10
681 10
682 10
683 10
684 10
685 10
686 10
687 10
688 10
689 10
690 10
691 10
692 10
693 10
694 10
695 10
696 10
697 10
698 10
699 10
700 10
701 10
702 10
703 10
704 11
705 11
706 11
707 11
708 11
709 11
710 11
711 11
712 11
713 11
714 11
715 11
716 11
717 11
718 11
719 11
720 11
721 11
722 11
723 11
724 11
725 11
726 11
727 11
728 11
729 11
730 11
731 11
732 11
733 11
734 11
735 11
736 11
737 11
738 11
739 11
740 11
741 11
742 11
743 11
744 11
745 11
746 11
747 11
748 11
749 11
750 11
751 11
752 11
753 11
754 11
755 11
756 11
757 11
758 11
759 11
760 11
761 11
762 11
763 11
764 11
765 11
766 11
767 11
768 12
769 12
770 12
771 12
772 12
773 12
774 12
775 12
776 12
777 12
778 12
779 12
780 12
781 12
782 12
783 12
784 12
785 12
786 12
787 12
788 12
789 12
790 12
791 12
792 12
793 12
794 12
795 12
796 12
797 12
798 12
799 12
800 12
801 12
802 12
803 12
804 12
805 12
806 12
807 12
808 12
809 12
810 12
811 12
812 12
813 12
814 12
815 12
816 12
817 12
818 12
819 12
820 12
821 12
822 12
823 12
824 12
825 12
826 12
827 12
828 12
829 12
830 12
831 12
832 13
833 13
834 13
835 13
836 13
837 13
838 13
839 13
840 13
841 13
842 13
843 13
844 13
845 13
846 13
847 13
848 13
849 13
850 13
851 13
852 13
853 13
854 13
855 13
856 13
857 13
858 13
859 13
860 13
861 13
862 13
863 13
864 13
865 13
866 13
867 13
868 13
869 13
870 13
871 13
872 13
873 13
874 13
875 13
876 13
877 13
878 13
879 13
880 13
881 13
882 13
883 13
884 13
885 13
886 13
887 13
888 13
889 13
890 13
891 13
892 13
893 13
894 13
895 13
896 14
897 14
898 14
899 14
900 14
901 14
902 14
903 14
904 14
905 14
906 14
907 14
908 14
909 14
910 14
911 14
912 14
913 14
914 14
915 14
916 14
917 14
918 14
919 14
920 14
921 14
922 14
923 14
924 14
925 14
926 14
927 14
928 14
929 14
930 14
931 14
932 14
933 14
934 14
935 14
936 14
937 14
938 14
939 14
940 14
941 14
942 14
943 14
944 14
945 14
946 14
947 14
948 14
949 14
950 14
951 14
952 14
953 14
954 14
955 14
956 14
957 14
958 14
959 14
960 15
961 15
962 15
963 15
964 15
965 15
966 15
967 15
968 15
969 15
970 15
971 15
972 15
973 15
974 15
975 15
976 15
977 15
978 15
979 15
980 15
981 15
982 15
983 15
984 15
985 15
986 15
987 15
988 15
989 15
990 15
991 15
992 15
993 15
994 15
995 15
996 15
997 15
998 15
999 15
1000 15
1001 15
1002 15
1003 15
1004 15
1005 15
1006 15
1007 15
1008 15
1009 15
1010 15
1011 15
1012 15
1013 15
1014 15
1015 15
1016 15
1017 15
1018 15
1019 15
1020 15
1021 15
1022 15
1023 15
1024 16
1025 16
1026 16
1027 16
1028 16
1029 16
1030 16
1031 16
1032 16
1033 16
1034 16
1035 16
1036 16
1037 16
1038 16
1039 16
1040 16
1041 16
1042 16
1043 16
1044 16
1045 16
1046 16
1047 16
1048 16
1049 16
1050 16
1051 16
1052 16
1053 16
1054 16
1055 16
1056 16
1057 16
1058 16
1059 16
1060 16
1061 16
1062 16
1063 16
1064 16
1065 16
1066 16
1067 16
1068 16
1069 16
1070 16
1071 16
1072 16
1073 16
1074 16
1075 16
1076 16
1077 16
1078 16
1079 16
1080 16
1081 16
1082 16
1083 16
1084 16
1085 16
1086 16
1087 16
1088 17
1089 17
1090 17
1091 17
1092 17
1093 17
1094 17
1095 17
1096 17
1097 17
1098 17
1099 17
1100 17
1101 17
1102 17
1103 17
1104 17
1105 17
1106 17
1107 17
1108 17
1109 17
1110 17
1111 17
1112 17
1113 17
1114 17
1115 17
1116 17
1117 17
1118 17
1119 17
1120 17
1121 17
1122 17
1123 17
1124 17
1125 17
1126 17
1127 17
1128 17
1129 17
1130 17
1131 17
1132 17
1133 17
1134 17
1135 17
1136 17
1137 17
1138 17
1139 17
1140 17
1141 17
1142 17
1143 17
1144 17
1145 17
1146 17
1147 17
1148 17
1149 17
1150 17
1151 17
1152 18
1153 18
1154 18
1155 18
1156 18
1157 18
1158 18
1159 18
1160 18
1161 18
1162 18
1163 18
1164 18
1165 18
1166 18
1167 18
1168 18
1169 18
1170 18
1171 18
1172 18
1173 18
1174 18
1175 18
1176 18
1177 18
1178 18
1179 18
1180 18
1181 18
1182 18
1183 18
1184 18
1185 18
1186 18
1187 18
1188 18
1189 18
1190 18
1191 18
1192 18
1193 18
1194 18
1195 18
1196 18
1197 18
1198 18
1199 18
1200 18
1201 18
1202 18
1203 18
1204 18
1205 18
1206 18
1207 18
1208 18
1209 18
1210 18
1211 18
1212 18
1213 18
1214 18
1215 18
1216 19
1217 19
1218 19
1219 19
1220 19
1221 19
1222 19
1223 19
1224 19
1225 19
1226 19
1227 19
1228 19
1229 19
1230 19
1231 19
1232 19
1233 19
1234 19
1235 19
1236 19
1237 19
1238 19
1239 19
1240 19
1241 19
1242 19
1243 19
1244 19
1245 19
1246 19
1247 19
1248 19
1249 19
1250 19
1251 19
1252 19
1253 19
1254 19
1255 19
1256 19
1257 19
1258 19
1259 19
1260 19
1261 19
1262 19
1263 19
1264 19
1265 19
1266 19
1267 19
1268 19
1269 19
1270 19
1271 19
1272 19
1273 19
1274 19
1275 19
1276 19
1277 19
1278 19
1279 19
1280 20
1281 20
1282 20
1283 20
1284 20
1285 20
1286 20
1287 20
1288 20
1289 20
1290 20
1291 20
1292 20
1293 20
1294 20
1295 20
1296 20
1297 20
1298 20
1299 20
1300 20
1301 20
1302 20
1303 20
1304 20
1305 20
1306 20
1307 20
1308 20
1309 20
1310 20
1311 20
1312 20
1313 20
1314 20
1315 20
1316 20
1317 20
1318 20
1319 20
1320 20
1321 20
1322 20
1323 20
1324 20
1325 20
1326 20
1327 20
1328 20
1329 20
1330 20
1331 20
1332 20
1333 20
1334 20
1335 20
1336 20
1337 20
1338 20
1339 20
1340 20
1341 20
1342 20
1343 20
1344 21
1345 21
1346 21
1347 21
1348 21
1349 21
1350 21
1351 21
1352 21
1353 21
1354 21
1355 21
1356 21
1357 21
1358 21
1359 21
1360 21
1361 21
1362 21
1363 21
1364 21
1365 21
1366 21
1367 21
1368 21
1369 21
1370 21
1371 21
1372 21
1373 21
1374 21
1375 21
1376 21
1377 21
1378 21
1379 21
1380 21
1381 21
1382 21
1383 21
1384 21
1385 21
1386 21
1387 21
1388 21
1389 21
1390 21
1391 21
1392 21
1393 21
1394 21
1395 21
1396 21
1397 21
1398 21
1399 21
1400 21
1401 21
1402 21
1403 21
1404 21
1405 21
1406 21
1407 21
1408 22
1409 22
1410 22
1411 22
1412 22
1413 22
1414 22
1415 22
1416 22
1417 22
1418 22
1419 22
1420 22
1421 22
1422 22
1423 22
1424 22
1425 22
1426 22
1427 22
1428 22
1429 22
1430 22
1431 22
1432 22
1433 22
1434 22
1435 22
1436 22
1437 22
1438 22
1439 22
1440 22
1441 22
1442 22
1443 22
1444 22
1445 22
1446 22
1447 22
1448 22
1449 22
1450 22
1451 22
1452 22
1453 22
1454 22
1455 22
1456 22
1457 22
1458 22
1459 22
1460 22
1461 22
1462 22
1463 22
1464 22
1465 22
1466 22
1467 22
1468 22
1469 22
1470 22
1471 22
1472 23
1473 23
1474 23
1475 23
1476 23
1477 23
1478 23
1479 23
1480 23
1481 23
1482 23
1483 23
1484 23
1485 23
1486 23
1487 23
1488 23
1489 23
1490 23
1491 23
1492 23
1493 23
1494 23
1495 23
1496 23
1497 23
1498 23
1499 23
1500 23
1501 23
1502 23
1503 23
1504 23
1505 23
1506 23
1507 23
1508 23
1509 23
1510 23
1511 23
1512 23
1513 23
1514 23
1515 23
1516 23
1517 23
1518 23
1519 23
1520 23
1521 23
1522 23
1523 23
1524 23
1525 23
1526 23
1527 23
1528 23
1529 23
1530 23
1531 23
1532 23
1533 23
1534 23
1535 23
1536 24
1537 24
1538 24
1539 24
1540 24
1541 24
1542 24
1543 24
1544 24
1545 24
1546 24
1547 24
1548 24
1549 24
1550 24
1551 24
1552 24
1553 24
1554 24
1555 24
1556 24
1557 24
1558 24
1559 24
1560 24
1561 24
1562 24
1563 24
1564 24
1565 24
1566 24
1567 24
1568 24
1569 24
1570 24
1571 24
1572 24
1573 24
1574 24
1575 24
1576 24
1577 24
1578 24
1579 24
1580 24
1581 24
1582 24
1583 24
1584 24
1585 24
1586 24
1587 24
1588 24
1589 24
1590 24
1591 24
1592 24
1593 24
1594 24
1595 24
1596 24
1597 24
1598 24
1599 24
1600 25
1601 25
1602 25
1603 25
1604 25
1605 25
1606 25
1607 25
1608 25
1609 25
1610 25
1611 25
1612 25
1613 25
1614 25
1615 25
1616 25
1617 25
1618 25
1619 25
1620 25
1621 25
1622 25
1623 25
1624 25
1625 25
1626 25
1627 25
1628 25
1629 25
1630 25
1631 25
1632 25
1633 25
1634 25
1635 25
1636 25
1637 25
1638 25
1639 25
1640 25
1641 25
1642 25
1643 25
1644 25
1645 25
1646 25
1647 25
1648 25
1649 25
1650 25
1651 25
1652 25
1653 25
1654 25
1655 25
1656 25
1657 25
1658 25
1659 25
1660 25
1661 25
1662 25
1663 25
1664 26
1665 26
1666 26
1667 26
1668 26
1669 26
1670 26
1671 26
1672 26
1673 26
1674 26
1675 26
1676 26
1677 26
1678 26
1679 26
1680 26
1681 26
1682 26
1683 26
1684 26
1685 26
1686 26
1687 26
1688 26
1689 26
1690 26
1691 26
1692 26
1693 26
1694 26
1695 26
1696 26
1697 26
1698 26
1699 26
1700 26
1701 26
1702 26
1703 26
1704 26
1705 26
1706 26
1707 26
1708 26
1709 26
1710 26
1711 26
1712 26
1713 26
1714 26
1715 26
1716 26
1717 26
1718 26
1719 26
1720 26
1721 26
1722 26
1723 26
1724 26
1725 26
1726 26
1727 26
1728 27
1729 27
1730 27
1731 27
1732 27
1733 27
1734 27
1735 27
1736 27
1737 27
1738 27
1739 27
1740 27
1741 27
1742 27
1743 27
1744 27
1745 27
1746 27
1747 27
1748 27
1749 27
1750 27
1751 27
1752 27
1753 27
1754 27
1755 27
1756 27
1757 27
1758 27
1759 27
1760 27
1761 27
1762 27
1763 27
1764 27
1765 27
1766 27
1767 27
1768 27
1769 27
1770 27
1771 27
1772 27
1773 27
1774 27
1775 27
1776 27
1777 27
1778 27
1779 27
1780 27
1781 27
1782 27
1783 27
1784 27
1785 27
1786 27
1787 27
1788 27
1789 27
1790 27
1791 27
1792 28
1793 28
1794 28
1795 28
1796 28
1797 28
1798 28
1799 28
1800 28
1801 28
1802 28
1803 28
1804 28
1805 28
1806 28
1807 28
1808 28
1809 28
1810 28
1811 28
1812 28
1813 28
1814 28
1815 28
1816 28
1817 28
1818 28
1819 28
1820 28
1821 28
1822 28
1823 28
1824 28
1825 28
1826 28
1827 28
1828 28
1829 28
1830 28
1831 28
1832 28
1833 28
1834 28
1835 28
1836 28
1837 28
1838 28
1839 28
1840 28
1841 28
1842 28
1843 28
1844 28
1845 28
1846 28
1847 28
1848 28
1849 28
1850 28
1851 28
1852 28
1853 28
1854 28
1855 28
1856 29
1857 29
1858 29
1859 29
1860 29
1861 29
1862 29
1863 29
1864 29
1865 29
1866 29
1867 29
1868 29
1869 29
1870 29
1871 29
1872 29
1873 29
1874 29
1875 29
1876 29
1877 29
1878 29
1879 29
1880 29
1881 29
1882 29
1883 29
1884 29
1885 29
1886 29
1887 29
1888 29
1889 29
1890 29
1891 29
1892 29
1893 29
1894 29
1895 29
1896 29
1897 29
1898 29
1899 29
1900 29
1901 29
1902 29
1903 29
1904 29
1905 29
1906 29
1907 29
1908 29
1909 29
1910 29
1911 29
1912 29
1913 29
1914 29
1915 29
1916 29
1917 29
1918 29
1919 29
1920 30
1921 30
1922 30
1923 30
1924 30
1925 30
1926 30
1927 30
1928 30
1929 30
1930 30
1931 30
1932 30
1933 30
1934 30
1935 30
1936 30
1937 30
1938 30
1939 30
1940 30
1941 30
1942 30
1943 30
1944 30
1945 30
1946 30
1947 30
1948 30
1949 30
1950 30
1951 30
1952 30
1953 30
1954 30
1955 30
1956 30
1957 30
1958 30
1959 30
1960 30
1961 30
1962 30
1963 30
1964 30
1965 30
1966 30
1967 30
1968 30
1969 30
1970 30
1971 30
1972 30
1973 30
1974 30
1975 30
1976 30
1977 30
1978 30
1979 30
1980 30
1981 30
1982 30
1983 30
1984 31
1985 31
1986 31
1987 31
1988 31
1989 31
1990 31
1991 31
1992 31
1993 31
1994 31
1995 31
1996 31
1997 31
1998 31
1999 31
2000 31
2001 31
2002 31
2003 31
2004 31
2005 31
2006 31
2007 31
2008 31
2009 31
2010 31
2011 31
2012 31
2013 31
2014 31
2015 31
2016 31
2017 31
2018 31
2019 31
2020 31
2021 31
2022 31
2023 31
2024 31
2025 31
2026 31
2027 31
2028 31
2029 31
2030 31
2031 31
2032 31
2033 31
2034 31
2035 31
2036 31
2037 31
2038 31
2039 31
2040 31
2041 31
2042 31
2043 31
2044 31
2045 31
2046 31
2047 31
2048 32
2049 32
2050 32
2051 32
2052 32
2053 32
2054 32
2055 32
2056 32
2057 32
2058 32
2059 32
2060 32
2061 32
2062 32
2063 32
2064 32
2065 32
2066 32
2067 32
2068 32
2069 32
2070 32
2071 32
2072 32
2073 32
2074 32
2075 32
2076 32
2077 32
2078 32
2079 32
2080 32
2081 32
2082 32
2083 32
2084 32
2085 32
2086 32
2087 32
2088 32
2089 32
2090 32
2091 32
2092 32
2093 32
2094 32
2095 32
2096 32
2097 32
2098 32
2099 32
2100 32
2101 32
2102 32
2103 32
2104 32
2105 32
2106 32
2107 32
2108 32
2109 32
2110 32
2111 32
2112 33
2113 33
2114 33
2115 33
2116 33
2117 33
2118 33
2119 33
2120 33
2121 33
2122 33
2123 33
2124 33
2125 33
2126 33
2127 33
2128 33
2129 33
2130 33
2131 33
2132 33
2133 33
2134 33
2135 33
2136 33
2137 33
2138 33
2139 33
2140 33
2141 33
2142 33
2143 33
2144 33
2145 33
2146 33
2147 33
2148 33
2149 33
2150 33
2151 33
2152 33
2153 33
2154 33
2155 33
2156 33
2157 33
2158 33
2159 33
2160 33
2161 33
2162 33
2163 33
2164 33
2165 33
2166 33
2167 33
2168 33
2169 33
2170 33
2171 33
2172 33
2173 33
2174 33
2175 33
2176 34
2177 34
2178 34
2179 34
2180 34
2181 34
2182 34
2183 34
2184 34
2185 34
2186 34
2187 34
2188 34
2189 34
2190 34
2191 34
2192 34
2193 34
2194 34
2195 34
2196 34
2197 34
2198 34
2199 34
2200 34
2201 34
2202 34
2203 34
2204 34
2205 34
2206 34
2207 34
2208 34
2209 34
2210 34
2211 34
2212 34
2213 34
2214 34
2215 34
2216 34
2217 34
2218 34
2219 34
2220 34
2221 34
2222 34
2223 34
2224 34
2225 34
2226 34
2227 34
2228 34
2229 34
2230 34
2231 34
2232 34
2233 34
2234 34
2235 34
2236 34
2237 34
2238 34
2239 34
2240 35
2241 35
2242 35
2243 35
2244 35
2245 35
2246 35
2247 35
2248 35
2249 35
2250 35
2251 35
2252 35
2253 35
2254 35
2255 35
2256 35
2257 35
2258 35
2259 35
2260 35
2261 35
2262 35
2263 35
2264 35
2265 35
2266 35
2267 35
2268 35
2269 35
2270 35
2271 35
2272 35
2273 35
2274 35
2275 35
2276 35
2277 35
2278 35
2279 35
2280 35
2281 35
2282 35
2283 35
2284 35
2285 35
2286 35
2287 35
2288 35
2289 35
2290 35
2291 35
2292 35
2293 35
2294 35
2295 35
2296 35
2297 35
2298 35
2299 35
2300 35
2301 35
2302 35
2303 35
2304 36
2305 36
2306 36
2307 36
2308 36
2309 36
2310 36
2311 36
2312 36
2313 36
2314 36
2315 36
2316 36
2317 36
2318 36
2319 36
2320 36
2321 36
2322 36
2323 36
2324 36
2325 36
2326 36
2327 36
2328 36
2329 36
2330 36
2331 36
2332 36
2333 36
2334 36
2335 36
2336 36
2337 36
2338 36
2339 36
2340 36
2341 36
2342 36
2343 36
2344 36
2345 36
2346 36
2347 36
2348 36
2349 36
2350 36
2351 36
2352 36
2353 36
2354 36
2355 36
2356 36
2357 36
2358 36
2359 36
2360 36
2361 36
2362 36
2363 36
2364 36
2365 36
2366 36
2367 36
2368 37
2369 37
2370 37
2371 37
2372 37
2373 37
2374 37
2375 37
2376 37
2377 37
2378 37
2379 37
2380 37
2381 37
2382 37
2383 37
2384 37
2385 37
2386 37
2387 37
2388 37
2389 37
2390 37
2391 37
2392 37
2393 37
2394 37
2395 37
2396 37
2397 37
2398 37
2399 37
2400 37
2401 37
2402 37
2403 37
2404 37
2405 37
2406 37
2407 37
2408 37
2409 37
2410 37
2411 37
2412 37
2413 37
2414 37
2415 37
2416 37
2417 37
2418 37
2419 37
2420 37
2421 37
2422 37
2423 37
2424 37
2425 37
2426 37
2427 37
2428 37
2429 37
2430 37
2431 37
2432 38
2433 38
2434 38
2435 38
2436 38
2437 38
2438 38
2439 38
2440 38
2441 38
2442 38
2443 38
2444 38
2445 38
2446 38
2447 38
2448 38
2449 38
2450 38
2451 38
2452 38
2453 38
2454 38
2455 38
2456 38
2457 38
2458 38
2459 38
2460 38
2461 38
2462 38
2463 38
2464 38
2465 38
2466 38
2467 38
2468 38
2469 38
2470 38
2471 38
2472 38
2473 38
2474 38
2475 38
2476 38
2477 38
2478 38
2479 38
2480 38
2481 38
2482 38
2483 38
2484 38
2485 38
2486 38
2487 38
2488 38
2489 38
2490 38
2491 38
2492 38
2493 38
2494 38
2495 38
2496 39
2497 39
2498 39
2499 39
2500 39
2501 39
2502 39
2503 39
2504 39
2505 39
2506 39
2507 39
2508 39
2509 39
2510 39
2511 39
2512 39
2513 39
2514 39
2515 39
2516 39
2517 39
2518 39
2519 39
2520 39
2521 39
2522 39
2523 39
2524 39
2525 39
2526 39
2527 39
2528 39
2529 39
2530 39
2531 39
2532 39
2533 39
2534 39
2535 39
2536 39
2537 39
2538 39
2539 39
2540 39
2541 39
2542 39
2543 39
2544 39
2545 39
2546 39
2547 39
2548 39
2549 39
2550 39
2551 39
2552 39
2553 39
2554 39
2555 39
2556 39
2557 39
2558 39
2559 39
2560 40
2561 40
2562 40
2563 40
2564 40
2565 40
2566 40
2567 40
2568 40
2569 40
2570 40
2571 40
2572 40
2573 40
2574 40
2575 40
2576 40
2577 40
2578 40
2579 40
2580 40
2581 40
2582 40
2583 40
2584 40
2585 40
2586 40
2587 40
2588 40
2589 40
2590 40
2591 40
2592 40
2593 40
2594 40
2595 40
2596 40
2597 40
2598 40
2599 40
2600 40
2601 40
2602 40
2603 40
2604 40
2605 40
2606 40
2607 40
2608 40
2609 40
2610 40
2611 40
2612 40
2613 40
2614 40
2615 40
2616 40
2617 40
2618 40
2619 40
2620 40
2621 40
2622 40
2623 40
2624 41
2625 41
2626 41
2627 41
2628 41
2629 41
2630 41
2631 41
2632 41
2633 41
2634 41
2635 41
2636 41
2637 41
2638 41
2639 41
2640 41
2641 41
2642 41
2643 41
2644 41
2645 41
2646 41
2647 41
2648 41
2649 41
2650 41
2651 41
2652 41
2653 41
2654 41
2655 41
2656 41
2657 41
2658 41
2659 41
2660 41
2661 41
2662 41
2663 41
2664 41
2665 41
2666 41
2667 41
2668 41
2669 41
2670 41
2671 41
2672 41
2673 41
2674 41
2675 41
2676 41
2677 41
2678 41
2679 41
2680 41
2681 41
2682 41
2683 41
2684 41
2685 41
2686 41
2687 41
2688 42
2689 42
2690 42
2691 42
2692 42
2693 42
2694 42
2695 42
2696 42
2697 42
2698 42
2699 42
2700 42
2701 42
2702 42
2703 42
2704 42
2705 42
2706 42
2707 42
2708 42
2709 42
2710 42
2711 42
2712 42
2713 42
2714 42
2715 42
2716 42
2717 42
2718 42
2719 42
2720 42
2721 42
2722 42
2723 42
2724 42
2725 42
2726 42
2727 42
2728 42
2729 42
2730 42
2731 42
2732 42
2733 42
2734 42
2735 42
2736 42
2737 42
2738 42
2739 42
2740 42
2741 42
2742 42
2743 42
2744 42
2745 42
2746 42
2747 42
2748 42
2749 42
2750 42
2751 42
2752 43
2753 43
2754 43
2755 43
2756 43
2757 43
2758 43
2759 43
2760 43
2761 43
2762 43
2763 43
2764 43
2765 43
2766 43
2767 43
2768 43
2769 43
2770 43
2771 43
2772 43
2773 43
2774 43
2775 43
2776 43
2777 43
2778 43
2779 43
2780 43
2781 43
2782 43
2783 43
2784 43
2785 43
2786 43
2787 43
2788 43
2789 43
2790 43
2791 43
2792 43
2793 43
2794 43
2795 43
2796 43
2797 43
2798 43
2799 43
2800 43
2801 43
2802 43
2803 43
2804 43
2805 43
2806 43
2807 43
2808 43
2809 43
2810 43
2811 43
2812 43
2813 43
2814 43
2815 43
2816 44
2817 44
2818 44
2819 44
2820 44
2821 44
2822 44
2823 44
2824 44
2825 44
2826 44
2827 44
2828 44
2829 44
2830 44
2831 44
2832 44
2833 44
2834 44
2835 44
2836 44
2837 44
2838 44
2839 44
2840 44
2841 44
2842 44
2843 44
2844 44
2845 44
2846 44
2847 44
2848 44
2849 44
2850 44
2851 44
2852 44
2853 44
2854 44
2855 44
2856 44
2857 44
2858 44
2859 44
2860 44
2861 44
2862 44
2863 44
2864 44
2865 44
2866 44
2867 44
2868 44
2869 44
2870 44
2871 44
2872 44
2873 44
2874 44
2875 44
2876 44
2877 44
2878 44
2879 44
2880 45
2881 45
2882 45
2883 45
2884 45
2885 45
2886 45
2887 45
2888 45
2889 45
2890 45
2891 45
2892 45
2893 45
2894 45
2895 45
2896 45
2897 45
2898 45
2899 45
2900 45
2901 45
2902 45
2903 45
2904 45
2905 45
2906 45
2907 45
2908 45
2909 45
2910 45
2911 45
2912 45
2913 45
2914 45
2915 45
2916 45
2917 45
2918 45
2919 45
2920 45
2921 45
2922 45
2923 45
2924 45
2925 45
2926 45
2927 45
2928 45
2929 45
2930 45
2931 45
2932 45
2933 45
2934 45
2935 45
2936 45
2937 45
2938 45
2939 45
2940 45
2941 45
2942 45
2943 45
2944 46
2945 46
2946 46
2947 46
2948 46
2949 46
2950 46
2951 46
2952 46
2953 46
2954 46
2955 46
2956 46
2957 46
2958 46
2959 46
2960 46
2961 46
2962 46
2963 46
2964 46
2965 46
2966 46
2967 46
2968 46
2969 46
2970 46
2971 46
2972 46
2973 46
2974 46
2975 46
2976 46
2977 46
2978 46
2979 46
2980 46
2981 46
2982 46
2983 46
2984 46
2985 46
2986 46
2987 46
2988 46
2989 46
2990 46
2991 46
2992 46
2993 46
2994 46
2995 46
2996 46
2997 46
2998 46
2999 46
3000 46
3001 46
3002 46
3003 46
3004 46
3005 46
3006 46
3007 46
3008 47
3009 47
3010 47
3011 47
3012 47
3013 47
3014 47
3015 47
3016 47
3017 47
3018 47
3019 47
3020 47
3021 47
3022 47
3023 47
3024 47
3025 47
3026 47
3027 47
3028 47
3029 47
3030 47
3031 47
3032 47
3033 47
3034 47
3035 47
3036 47
3037 47
3038 47
3039 47
3040 47
3041 47
3042 47
3043 47
3044 47
3045 47
3046 47
3047 47
3048 47
3049 47
3050 47
3051 47
3052 47
3053 47
3054 47
3055 47
3056 47
3057 47
3058 47
3059 47
3060 47
3061 47
3062 47
3063 47
3064 47
3065 47
3066 47
3067 47
3068 47
3069 47
3070 47
3071 47
3072 48
3073 48
3074 48
3075 48
3076 48
3077 48
3078 48
3079 48
3080 48
3081 48
3082 48
3083 48
3084 48
3085 48
3086 48
3087 48
3088 48
3089 48
3090 48
3091 48
3092 48
3093 48
3094 48
3095 48
3096 48
3097 48
3098 48
3099 48
3100 48
3101 48
3102 48
3103 48
3104 48
3105 48
3106 48
3107 48
3108 48
3109 48
3110 48
3111 48
3112 48
3113 48
3114 48
3115 48
3116 48
3117 48
3118 48
3119 48
3120 48
3121 48
3122 48
3123 48
3124 48
3125 48
3126 48
3127 48
3128 48
3129 48
3130 48
3131 48
3132 48
3133 48
3134 48
3135 48
3136 49
3137 49
3138 49
3139 49
3140 49
3141 49
3142 49
3143 49
3144 49
3145 49
3146 49
3147 49
3148 49
3149 49
3150 49
3151 49
3152 49
3153 49
3154 49
3155 49
3156 49
3157 49
3158 49
3159 49
3160 49
3161 49
3162 49
3163 49
3164 49
3165 49
3166 49
3167 49
3168 49
3169 49
3170 49
3171 49
3172 49
3173 49
3174 49
3175 49
3176 49
3177 49
3178 49
3179 49
3180 49
3181 49
3182 49
3183 49
3184 49
3185 49
3186 49
3187 49
3188 49
3189 49
3190 49
3191 49
3192 49
3193 49
3194 49
3195 49
3196 49
3197 49
3198 49
3199 49
3200 50
3201 50
3202 50
3203 50
3204 50
3205 50
3206 50
3207 50
3208 50
3209 50
3210 50
3211 50
3212 50
3213 50
3214 50
3215 50
3216 50
3217 50
3218 50
3219 50
3220 50
3221 50
3222 50
3223 50
3224 50
3225 50
3226 50
3227 50
3228 50
3229 50
3230 50
3231 50
3232 50
3233 50
3234 50
3235 50
3236 50
3237 50
3238 50
3239 50
3240 50
3241 50
3242 50
3243 50
3244 50
3245 50
3246 50
3247 50
3248 50
3249 50
3250 50
3251 50
3252 50
3253 50
3254 50
3255 50
3256 50
3257 50
3258 50
3259 50
3260 50
3261 50
3262 50
3263 50
3264 51
3265 51
3266 51
3267 51
3268 51
3269 51
3270 51
3271 51
3272 51
3273 51
3274 51
3275 51
3276 51
3277 51
3278 51
3279 51
3280 51
3281 51
3282 51
3283 51
3284 51
3285 51
3286 51
3287 51
3288 51
3289 51
3290 51
3291 51
3292 51
3293 51
3294 51
3295 51
3296 51
3297 51
3298 51
3299 51
3300 51
3301 51
3302 51
3303 51
3304 51
3305 51
3306 51
3307 51
3308 51
3309 51
3310 51
3311 51
3312 51
3313 51
3314 51
3315 51
3316 51
3317 51
3318 51
3319 51
3320 51
3321 51
3322 51
3323 51
3324 51
3325 51
3326 51
3327 51
3328 52
3329 52
3330 52
3331 52
3332 52
3333 52
3334 52
3335 52
3336 52
3337 52
3338 52
3339 52
3340 52
3341 52
3342 52
3343 52
3344 52
3345 52
3346 52
3347 52
3348 52
3349 52
3350 52
3351 52
3352 52
3353 52
3354 52
3355 52
3356 52
3357 52
3358 52
3359 52
3360 52
3361 52
3362 52
3363 52
3364 52
3365 52
3366 52
3367 52
3368 52
3369 52
3370 52
3371 52
3372 52
3373 52
3374 52
3375 52
3376 52
3377 52
3378 52
3379 52
3380 52
3381 52
3382 52
3383 52
3384 52
3385 52
3386 52
3387 52
3388 52
3389 52
3390 52
3391 52
3392 53
3393 53
3394 53
3395 53
3396 53
3397 53
3398 53
3399 53
3400 53
3401 53
3402 53
3403 53
3404 53
3405 53
3406 53
3407 53
3408 53
3409 53
3410 53
3411 53
3412 53
3413 53
3414 53
3415 53
3416 53
3417 53
3418 53
3419 53
3420 53
3421 53
3422 53
3423 53
3424 53
3425 53
3426 53
3427 53
3428 53
3429 53
3430 53
3431 53
3432 53
3433 53
3434 53
3435 53
3436 53
3437 53
3438 53
3439 53
3440 53
3441 53
3442 53
3443 53
3444 53
3445 53
3446 53
3447 53
3448 53
3449 53
3450 53
3451 53
3452 53
3453 53
3454 53
3455 53
3456 54
3457 54
3458 54
3459 54
3460 54
3461 54
3462 54
3463 54
3464 54
3465 54
3466 54
3467 54
3468 54
3469 54
3470 54
3471 54
3472 54
3473 54
3474 54
3475 54
3476 54
3477 54
3478 54
3479 54
3480 54
3481 54
3482 54
3483 54
3484 54
3485 54
3486 54
3487 54
3488 54
3489 54
3490 54
3491 54
3492 54
3493 54
3494 54
3495 54
3496 54
3497 54
3498 54
3499 54
3500 54
3501 54
3502 54
3503 54
3504 54
3505 54
3506 54
3507 54
3508 54
3509 54
3510 54
3511 54
3512 54
3513 54
3514 54
3515 54
3516 54
3517 54
3518 54
3519 54
3520 55
3521 55
3522 55
3523 55
3524 55
3525 55
3526 55
3527 55
3528 55
3529 55
3530 55
3531 55
3532 55
3533 55
3534 55
3535 55
3536 55
3537 55
3538 55
3539 55
3540 55
3541 55
3542 55
3543 55
3544 55
3545 55
3546 55
3547 55
3548 55
3549 55
3550 55
3551 55
3552 55
3553 55
3554 55
3555 55
3556 55
3557 55
3558 55
3559 55
3560 55
3561 55
3562 55
3563 55
3564 55
3565 55
3566 55
3567 55
3568 55
3569 55
3570 55
3571 55
3572 55
3573 55
3574 55
3575 55
3576 55
3577 55
3578 55
3579 55
3580 55
3581 55
3582 55
3583 55
3584 56
3585 56
3586 56
3587 56
3588 56
3589 56
3590 56
3591 56
3592 56
3593 56
3594 56
3595 56
3596 56
3597 56
3598 56
3599 56
3600 56
3601 56
3602 56
3603 56
3604 56
3605 56
3606 56
3607 56
3608 56
3609 56
3610 56
3611 56
3612 56
3613 56
3614 56
3615 56
3616 56
3617 56
3618 56
3619 56
3620 56
3621 56
3622 56
3623 56
3624 56
3625 56
3626 56
3627 56
3628 56
3629 56
3630 56
3631 56
3632 56
3633 56
3634 56
3635 56
3636 56
3637 56
3638 56
3639 56
3640 56
3641 56
3642 56
3643 56
3644 56
3645 56
3646 56
3647 56
3648 57
3649 57
3650 57
3651 57
3652 57
3653 57
3654 57
3655 57
3656 57
3657 57
3658 57
3659 57
3660 57
3661 57
3662 57
3663 57
3664 57
3665 57
3666 57
3667 57
3668 57
3669 57
3670 57
3671 57
3672 57
3673 57
3674 57
3675 57
3676 57
3677 57
3678 57
3679 57
3680 57
3681 57
3682 57
3683 57
3684 57
3685 57
3686 57
3687 57
3688 57
3689 57
3690 57
3691 57
3692 57
3693 57
3694 57
3695 57
3696 57
3697 57
3698 57
3699 57
3700 57
3701 57
3702 57
3703 57
3704 57
3705 57
3706 57
3707 57
3708 57
3709 57
3710 57
3711 57
3712 58
3713 58
3714 58
3715 58
3716 58
3717 58
3718 58
3719 58
3720 58
3721 58
3722 58
3723 58
3724 58
3725 58
3726 58
3727 58
3728 58
3729 58
3730 58
3731 58
3732 58
3733 58
3734 58
3735 58
3736 58
3737 58
3738 58
3739 58
3740 58
3741 58
3742 58
3743 58
3744 58
3745 58
3746 58
3747 58
3748 58
3749 58
3750 58
3751 58
3752 58
3753 58
3754 58
3755 58
3756 58
3757 58
3758 58
3759 58
3760 58
3761 58
3762 58
3763 58
3764 58
3765 58
3766 58
3767 58
3768 58
3769 58
3770 58
3771 58
3772 58
3773 58
3774 58
3775 58
3776 59
3777 59
3778 59
3779 59
3780 59
3781 59
3782 59
3783 59
3784 59
3785 59
3786 59
3787 59
3788 59
3789 59
3790 59
3791 59
3792 59
3793 59
3794 59
3795 59
3796 59
3797 59
3798 59
3799 59
3800 59
3801 59
3802 59
3803 59
3804 59
3805 59
3806 59
3807 59
3808 59
3809 59
3810 59
3811 59
3812 59
3813 59
3814 59
3815 59
3816 59
3817 59
3818 59
3819 59
3820 59
3821 59
3822 59
3823 59
3824 59
3825 59
3826 59
3827 59
3828 59
3829 59
3830 59
3831 59
3832 59
3833 59
3834 59
3835 59
3836 59
3837 59
3838 59
3839 59
3840 33
3841 33
3842 33
3843 33
3844 33
3845 33
3846 33
3847 33
3848 33
3849 33
3850 33
3851 33
3852 33
3853 33
3854 33
3855 33
3856 33
3857 33
3858 33
3859 33
3860 33
3861 33
3862 33
3863 33
3864 33
3865 33
3866 33
3867 33
3868 33
3869 33
3870 33
3871 33
3872 33
3873 33
3874 33
3875 33
3876 33
3877 33
3878 33
3879 33
3880 33
3881 33
3882 33
3883 33
3884 33
3885 33
3886 33
3887 33
3888 33
3889 33
3890 33
3891 33
3892 33
3893 33
3894 33
3895 33
3896 33
3897 33
3898 33
3899 33
3900 33
3901 33
3902 33
3903 33
3904 60
3905 60
3906 60
3907 60
3908 60
3909 60
3910 60
3911 60
3912 60
3913 60
3914 60
3915 60
3916 60
3917 60
3918 60
3919 60
3920 60
3921 60
3922 60
3923 60
3924 60
3925 60
3926 60
3927 60
3928 60
3929 60
3930 60
3931 60
3932 60
3933 60
3934 60
3935 60
3936 60
3937 60
3938 60
3939 60
3940 60
3941 60
3942 60
3943 60
3944 60
3945 60
3946 60
3947 60
3948 60
3949 60
3950 60
3951 60
3952 60
3953 60
3954 60
3955 60
3956 60
3957 60
3958 60
3959 60
3960 60
3961 60
3962 60
3963 60
3964 60
3965 60
3966 60
3967 60
3968 61
3969 61
3970 61
3971 61
3972 61
3973 61
3974 61
3975 61
3976 61
3977 61
3978 61
3979 61
3980 61
3981 61
3982 61
3983 61
3984 61
3985 61
3986 61
3987 61
3988 61
3989 61
3990 61
3991 61
3992 61
3993 61
3994 61
3995 61
3996 61
3997 61
3998 61
3999 61
4000 61
4001 61
4002 61
4003 61
4004 61
4005 61
4006 61
4007 61
4008 61
4009 61
4010 61
4011 61
4012 61
4013 61
4014 61
4015 61
4016 61
4017 61
4018 61
4019 61
4020 61
4021 61
4022 61
4023 61
4024 61
4025 61
4026 61
4027 61
4028 61
4029 61
4030 61
4031 61
4032 62
4033 62
4034 62
4035 62
4036 62
4037 62
4038 62
4039 62
4040 62
4041 62
4042 62
4043 62
4044 62
4045 62
4046 62
4047 62
4048 62
4049 62
4050 62
4051 62
4052 62
4053 62
4054 62
4055 62
4056 62
4057 62
4058 62
4059 62
4060 62
4061 62
4062 62
4063 62
4064 62
4065 62
4066 62
4067 62
4068 62
4069 62
4070 62
4071 62
4072 62
4073 62
4074 62
4075 62
4076 62
4077 62
4078 62
4079 62
4080 62
4081 62
4082 62
4083 62
4084 62
4085 62
4086 62
4087 62
4088 62
4089 62
4090 62
4091 62
4092 62
4093 62
4094 62
4095 62
4096 63
4097 63
4098 63
4099 63
4100 63
4101 63
4102 63
4103 63
4104 63
4105 63
4106 63
4107 63
4108 63
4109 63
4110 63
4111 63
4112 63
4113 63
4114 63
4115 63
4116 63
4117 63
4118 63
4119 63
4120 63
4121 63
4122 63
4123 63
4124 63
4125 63
4126 63
4127 63
4128 63
4129 63
4130 63
4131 63
4132 63
4133 63
4134 63
4135 63
4136 63
4137 63
4138 63
4139 63
4140 63
4141 63
4142 63
4143 63
4144 63
4145 63
4146 63
4147 63
4148 63
4149 63
4150 63
4151 63
4152 63
4153 63
4154 63
4155 63
4156 63
4157 63
4158 63
4159 63
4160 64
4161 64
4162 64
4163 64
4164 64
4165 64
4166 64
4167 64
4168 64
4169 64
4170 64
4171 64
4172 64
4173 64
4174 64
4175 64
4176 64
4177 64
4178 64
4179 64
4180 64
4181 64
4182 64
4183 64
4184 64
4185 64
4186 64
4187 64
4188 64
4189 64
4190 64
4191 64
4192 64
4193 64
4194 64
4195 64
4196 64
4197 64
4198 64
4199 64
4200 64
4201 64
4202 64
4203 64
4204 64
4205 64
4206 64
4207 64
4208 64
4209 64
4210 64
4211 64
4212 64
4213 64
4214 64
4215 64
4216 64
4217 64
4218 64
4219 64
4220 64
4221 64
4222 64
4223 64
4224 65
4225 65
4226 65
4227 65
4228 65
4229 65
4230 65
4231 65
4232 65
4233 65
4234 65
4235 65
4236 65
4237 65
4238 65
4239 65
4240 65
4241 65
4242 65
4243 65
4244 65
4245 65
4246 65
4247 65
4248 65
4249 65
4250 65
4251 65
4252 65
4253 65
4254 65
4255 65
4256 65
4257 65
4258 65
4259 65
4260 65
4261 65
4262 65
4263 65
4264 65
4265 65
4266 65
4267 65
4268 65
4269 65
4270 65
4271 65
4272 65
4273 65
4274 65
4275 65
4276 65
4277 65
4278 65
4279 65
4280 65
4281 65
4282 65
4283 65
4284 65
4285 65
4286 65
4287 65
4288 66
4289 66
4290 66
4291 66
4292 66
4293 66
4294 66
4295 66
4296 66
4297 66
4298 66
4299 66
4300 66
4301 66
4302 66
4303 66
4304 66
4305 66
4306 66
4307 66
4308 66
4309 66
4310 66
4311 66
4312 66
4313 66
4314 66
4315 66
4316 66
4317 66
4318 66
4319 66
4320 66
4321 66
4322 66
4323 66
4324 66
4325 66
4326 66
4327 66
4328 66
4329 66
4330 66
4331 66
4332 66
4333 66
4334 66
4335 66
4336 66
4337 66
4338 66
4339 66
4340 66
4341 66
4342 66
4343 66
4344 66
4345 66
4346 66
4347 66
4348 66
4349 66
4350 66
4351 66
4352 67
4353 67
4354 67
4355 67
4356 67
4357 67
4358 67
4359 67
4360 67
4361 67
4362 67
4363 67
4364 67
4365 67
4366 67
4367 67
4368 67
4369 67
4370 67
4371 67
4372 67
4373 67
4374 67
4375 67
4376 67
4377 67
4378 67
4379 67
4380 67
4381 67
4382 67
4383 67
4384 67
4385 67
4386 67
4387 67
4388 67
4389 67
4390 67
4391 67
4392 67
4393 67
4394 67
4395 67
4396 67
4397 67
4398 67
4399 67
4400 67
4401 67
4402 67
4403 67
4404 67
4405 67
4406 67
4407 67
4408 67
4409 67
4410 67
4411 67
4412 67
4413 67
4414 67
4415 67
4416 7
4417 7
4418 7
4419 7
4420 7
4421 7
4422 7
4423 7
4424 7
4425 7
4426 7
4427 7
4428 7
4429 7
4430 7
4431 7
4432 7
4433 7
4434 7
4435 7
4436 7
4437 7
4438 7
4439 7
4440 7
4441 7
4442 7
4443 7
4444 7
4445 7
4446 7
4447 7
4448 7
4449 7
4450 7
4451 7
4452 7
4453 7
4454 7
4455 7
4456 7
4457 7
4458 7
4459 7
4460 7
4461 7
4462 7
4463 7
4464 7
4465 7
4466 7
4467 7
4468 7
4469 7
4470 7
4471 7
4472 7
4473 7
4474 7
4475 7
4476 7
4477 7
4478 7
4479 7
4480 68
4481 68
4482 68
4483 68
4484 68
4485 68
4486 68
4487 68
4488 68
4489 68
4490 68
4491 68
4492 68
4493 68
4494 68
4495 68
4496 68
4497 68
4498 68
4499 68
4500 68
4501 68
4502 68
4503 68
4504 68
4505 68
4506 68
4507 68
4508 68
4509 68
4510 68
4511 68
4512 68
4513 68
4514 68
4515 68
4516 68
4517 68
4518 68
4519 68
4520 68
4521 68
4522 68
4523 68
4524 68
4525 68
4526 68
4527 68
4528 68
4529 68
4530 68
4531 68
4532 68
4533 68
4534 68
4535 68
4536 68
4537 68
4538 68
4539 68
4540 68
4541 68
4542 68
4543 68
4544 69
4545 69
4546 69
4547 69
4548 69
4549 69
4550 69
4551 69
4552 69
4553 69
4554 69
4555 69
4556 69
4557 69
4558 69
4559 69
4560 69
4561 69
4562 69
4563 69
4564 69
4565 69
4566 69
4567 69
4568 69
4569 69
4570 69
4571 69
4572 69
4573 69
4574 69
4575 69
4576 69
4577 69
4578 69
4579 69
4580 69
4581 69
4582 69
4583 69
4584 69
4585 69
4586 69
4587 69
4588 69
4589 69
4590 69
4591 69
4592 69
4593 69
4594 69
4595 69
4596 69
4597 69
4598 69
4599 69
4600 69
4601 69
4602 69
4603 69
4604 69
4605 69
4606 69
4607 69
4608 70
4609 70
4610 70
4611 70
4612 70
4613 70
4614 70
4615 70
4616 70
4617 70
4618 70
4619 70
4620 70
4621 70
4622 70
4623 70
4624 70
4625 70
4626 70
4627 70
4628 70
4629 70
4630 70
4631 70
4632 70
4633 70
4634 70
4635 70
4636 70
4637 70
4638 70
4639 70
4640 70
4641 70
4642 70
4643 70
4644 70
4645 70
4646 70
4647 70
4648 70
4649 70
4650 70
4651 70
4652 70
4653 70
4654 70
4655 70
4656 70
4657 70
4658 70
4659 70
4660 70
4661 70
4662 70
4663 70
4664 70
4665 70
4666 70
4667 70
4668 70
4669 70
4670 70
4671 70
4672 47
4673 47
4674 47
4675 47
4676 47
4677 47
4678 47
4679 47
4680 47
4681 47
4682 47
4683 47
4684 47
4685 47
4686 47
4687 47
4688 47
4689 47
4690 47
4691 47
4692 47
4693 47
4694 47
4695 47
4696 47
4697 47
4698 47
4699 47
4700 47
4701 47
4702 47
4703 47
4704 47
4705 47
4706 47
4707 47
4708 47
4709 47
4710 47
4711 47
4712 47
4713 47
4714 47
4715 47
4716 47
4717 47
4718 47
4719 47
4720 47
4721 47
4722 47
4723 47
4724 47
4725 47
4726 47
4727 47
4728 47
4729 47
4730 47
4731 47
4732 47
4733 47
4734 47
4735 47
4736 32
4737 32
4738 32
4739 32
4740 32
4741 32
4742 32
4743 32
4744 32
4745 32
4746 32
4747 32
4748 32
4749 32
4750 32
4751 32
4752 32
4753 32
4754 32
4755 32
4756 32
4757 32
4758 32
4759 32
4760 32
4761 32
4762 32
4763 32
4764 32
4765 32
4766 32
4767 32
4768 32
4769 32
4770 32
4771 32
4772 32
4773 32
4774 32
4775 32
4776 32
4777 32
4778 32
4779 32
4780 32
4781 32
4782 32
4783 32
4784 32
4785 32
4786 32
4787 32
4788 32
4789 32
4790 32
4791 32
4792 32
4793 32
4794 32
4795 32
4796 32
4797 32
4798 32
4799 32
4800 71
4801 71
4802 71
4803 71
4804 71
4805 71
4806 71
4807 71
4808 71
4809 71
4810 71
4811 71
4812 71
4813 71
4814 71
4815 71
4816 71
4817 71
4818 71
4819 71
4820 71
4821 71
4822 71
4823 71
4824 71
4825 71
4826 71
4827 71
4828 71
4829 71
4830 71
4831 71
4832 71
4833 71
4834 71
4835 71
4836 71
4837 71
4838 71
4839 71
4840 71
4841 71
4842 71
4843 71
4844 71
4845 71
4846 71
4847 71
4848 71
4849 71
4850 71
4851 71
4852 71
4853 71
4854 71
4855 71
4856 71
4857 71
4858 71
4859 71
4860 71
4861 71
4862 71
4863 71
4864 72
4865 72
4866 72
4867 72
4868 72
4869 72
4870 72
4871 72
4872 72
4873 72
4874 72
4875 72
4876 72
4877 72
4878 72
4879 72
4880 72
4881 72
4882 72
4883 72
4884 72
4885 72
4886 72
4887 72
4888 72
4889 72
4890 72
4891 72
4892 72
4893 72
4894 72
4895 72
4896 72
4897 72
4898 72
4899 72
4900 72
4901 72
4902 72
4903 72
4904 72
4905 72
4906 72
4907 72
4908 72
4909 72
4910 72
4911 72
4912 72
4913 72
4914 72
4915 72
4916 72
4917 72
4918 72
4919 72
4920 72
4921 72
4922 72
4923 72
4924 72
4925 72
4926 72
4927 72
4928 73
4929 73
4930 73
4931 73
4932 73
4933 73
4934 73
4935 73
4936 73
4937 73
4938 73
4939 73
4940 73
4941 73
4942 73
4943 73
4944 73
4945 73
4946 73
4947 73
4948 73
4949 73
4950 73
4951 73
4952 73
4953 73
4954 73
4955 73
4956 73
4957 73
4958 73
4959 73
4960 73
4961 73
4962 73
4963 73
4964 73
4965 73
4966 73
4967 73
4968 73
4969 73
4970 73
4971 73
4972 73
4973 73
4974 73
4975 73
4976 73
4977 73
4978 73
4979 73
4980 73
4981 73
4982 73
4983 73
4984 73
4985 73
4986 73
4987 73
4988 73
4989 73
4990 73
4991 73
4992 74
4993 74
4994 74
4995 74
4996 74
4997 74
4998 74
4999 74
5000 74
5001 74
5002 74
5003 74
5004 74
5005 74
5006 74
5007 74
5008 74
5009 74
5010 74
5011 74
5012 74
5013 74
5014 74
5015 74
5016 74
5017 74
5018 74
5019 74
5020 74
5021 74
5022 74
5023 74
5024 74
5025 74
5026 74
5027 74
5028 74
5029 74
5030 74
5031 74
5032 74
5033 74
5034 74
5035 74
5036 74
5037 74
5038 74
5039 74
5040 74
5041 74
5042 74
5043 74
5044 74
5045 74
5046 74
5047 74
5048 74
5049 74
5050 74
5051 74
5052 74
5053 74
5054 74
5055 74
5056 75
5057 75
5058 75
5059 75
5060 75
5061 75
5062 75
5063 75
5064 75
5065 75
5066 75
5067 75
5068 75
5069 75
5070 75
5071 75
5072 75
5073 75
5074 75
5075 75
5076 75
5077 75
5078 75
5079 75
5080 75
5081 75
5082 75
5083 75
5084 75
5085 75
5086 75
5087 75
5088 75
5089 75
5090 75
5091 75
5092 75
5093 75
5094 75
5095 75
5096 75
5097 75
5098 75
5099 75
5100 75
5101 75
5102 75
5103 75
5104 75
5105 75
5106 75
5107 75
5108 75
5109 75
5110 75
5111 75
5112 75
5113 75
5114 75
5115 75
5116 75
5117 75
5118 75
5119 75
5120 76
5121 76
5122 76
5123 76
5124 76
5125 76
5126 76
5127 76
5128 76
5129 76
5130 76
5131 76
5132 76
5133 76
5134 76
5135 76
5136 76
5137 76
5138 76
5139 76
5140 76
5141 76
5142 76
5143 76
5144 76
5145 76
5146 76
5147 76
5148 76
5149 76
5150 76
5151 76
5152 76
5153 76
5154 76
5155 76
5156 76
5157 76
5158 76
5159 76
5160 76
5161 76
5162 76
5163 76
5164 76
5165 76
5166 76
5167 76
5168 76
5169 76
5170 76
5171 76
5172 76
5173 76
5174 76
5175 76
5176 76
5177 76
5178 76
5179 76
5180 76
5181 76
5182 76
5183 76
5184 77
5185 77
5186 77
5187 77
5188 77
5189 77
5190 77
5191 77
5192 77
5193 77
5194 77
5195 77
5196 77
5197 77
5198 77
5199 77
5200 77
5201 77
5202 77
5203 77
5204 77
5205 77
5206 77
5207 77
5208 77
5209 77
5210 77
5211 77
5212 77
5213 77
5214 77
5215 77
5216 77
5217 77
5218 77
5219 77
5220 77
5221 77
5222 77
5223 77
5224 77
5225 77
5226 77
5227 77
5228 77
5229 77
5230 77
5231 77
5232 77
5233 77
5234 77
5235 77
5236 77
5237 77
5238 77
5239 77
5240 77
5241 77
5242 77
5243 77
5244 77
5245 77
5246 77
5247 77
5248 78
5249 78
5250 78
5251 78
5252 78
5253 78
5254 78
5255 78
5256 78
5257 78
5258 78
5259 78
5260 78
5261 78
5262 78
5263 78
5264 78
5265 78
5266 78
5267 78
5268 78
5269 78
5270 78
5271 78
5272 78
5273 78
5274 78
5275 78
5276 78
5277 78
5278 78
5279 78
5280 78
5281 78
5282 78
5283 78
5284 78
5285 78
5286 78
5287 78
5288 78
5289 78
5290 78
5291 78
5292 78
5293 78
5294 78
5295 78
5296 78
5297 78
5298 78
5299 78
5300 78
5301 78
5302 78
5303 78
5304 78
5305 78
5306 78
5307 78
5308 78
5309 78
5310 78
5311 78
5312 79
5313 79
5314 79
5315 79
5316 79
5317 79
5318 79
5319 79
5320 79
5321 79
5322 79
5323 79
5324 79
5325 79
5326 79
5327 79
5328 79
5329 79
5330 79
5331 79
5332 79
5333 79
5334 79
5335 79
5336 79
5337 79
5338 79
5339 79
5340 79
5341 79
5342 79
5343 79
5344 79
5345 79
5346 79
5347 79
5348 79
5349 79
5350 79
5351 79
5352 79
5353 79
5354 79
5355 79
5356 79
5357 79
5358 79
5359 79
5360 79
5361 79
5362 79
5363 79
5364 79
5365 79
5366 79
5367 79
5368 79
5369 79
5370 79
5371 79
5372 79
5373 79
5374 79
5375 79
5376 80
5377 80
5378 80
5379 80
5380 80
5381 80
5382 80
5383 80
5384 80
5385 80
5386 80
5387 80
5388 80
5389 80
5390 80
5391 80
5392 80
5393 80
5394 80
5395 80
5396 80
5397 80
5398 80
5399 80
5400 80
5401 80
5402 80
5403 80
5404 80
5405 80
5406 80
5407 80
5408 80
5409 80
5410 80
5411 80
5412 80
5413 80
5414 80
5415 80
5416 80
5417 80
5418 80
5419 80
5420 80
5421 80
5422 80
5423 80
5424 80
5425 80
5426 80
5427 80
5428 80
5429 80
5430 80
5431 80
5432 80
5433 80
5434 80
5435 80
5436 80
5437 80
5438 80
5439 80
5440 81
5441 81
5442 81
5443 81
5444 81
5445 81
5446 81
5447 81
5448 81
5449 81
5450 81
5451 81
5452 81
5453 81
5454 81
5455 81
5456 81
5457 81
5458 81
5459 81
5460 81
5461 81
5462 81
5463 81
5464 81
5465 81
5466 81
5467 81
5468 81
5469 81
5470 81
5471 81
5472 81
5473 81
5474 81
5475 81
5476 81
5477 81
5478 81
5479 81
5480 81
5481 81
5482 81
5483 81
5484 81
5485 81
5486 81
5487 81
5488 81
5489 81
5490 81
5491 81
5492 81
5493 81
5494 81
5495 81
5496 81
5497 81
5498 81
5499 81
5500 81
5501 81
5502 81
5503 81
5504 82
5505 82
5506 82
5507 82
5508 82
5509 82
5510 82
5511 82
5512 82
5513 82
5514 82
5515 82
5516 82
5517 82
5518 82
5519 82
5520 82
5521 82
5522 82
5523 82
5524 82
5525 82
5526 82
5527 82
5528 82
5529 82
5530 82
5531 82
5532 82
5533 82
5534 82
5535 82
5536 82
5537 82
5538 82
5539 82
5540 82
5541 82
5542 82
5543 82
5544 82
5545 82
5546 82
5547 82
5548 82
5549 82
5550 82
5551 82
5552 82
5553 82
5554 82
5555 82
5556 82
5557 82
5558 82
5559 82
5560 82
5561 82
5562 82
5563 82
5564 82
5565 82
5566 82
5567 82
5568 83
5569 83
5570 83
5571 83
5572 83
5573 83
5574 83
5575 83
5576 83
5577 83
5578 83
5579 83
5580 83
5581 83
5582 83
5583 83
5584 83
5585 83
5586 83
5587 83
5588 83
5589 83
5590 83
5591 83
5592 83
5593 83
5594 83
5595 83
5596 83
5597 83
5598 83
5599 83
5600 83
5601 83
5602 83
5603 83
5604 83
5605 83
5606 83
5607 83
5608 83
5609 83
5610 83
5611 83
5612 83
5613 83
5614 83
5615 83
5616 83
5617 83
5618 83
5619 83
5620 83
5621 83
5622 83
5623 83
5624 83
5625 83
5626 83
5627 83
5628 83
5629 83
5630 83
5631 83
5632 84
5633 84
5634 84
5635 84
5636 84
5637 84
5638 84
5639 84
5640 84
5641 84
5642 84
5643 84
5644 84
5645 84
5646 84
5647 84
5648 84
5649 84
5650 84
5651 84
5652 84
5653 84
5654 84
5655 84
5656 84
5657 84
5658 84
5659 84
5660 84
5661 84
5662 84
5663 84
5664 84
5665 84
5666 84
5667 84
5668 84
5669 84
5670 84
5671 84
5672 84
5673 84
5674 84
5675 84
5676 84
5677 84
5678 84
5679 84
5680 84
5681 84
5682 84
5683 84
5684 84
5685 84
5686 84
5687 84
5688 84
5689 84
5690 84
5691 84
5692 84
5693 84
5694 84
5695 84
5696 61
5697 61
5698 61
5699 61
5700 61
5701 61
5702 61
5703 61
5704 61
5705 61
5706 61
5707 61
5708 61
5709 61
5710 61
5711 61
5712 61
5713 61
5714 61
5715 61
5716 61
5717 61
5718 61
5719 61
5720 61
5721 61
5722 61
5723 61
5724 61
5725 61
5726 61
5727 61
5728 61
5729 61
5730 61
5731 61
5732 61
5733 61
5734 61
5735 61
5736 61
5737 61
5738 61
5739 61
5740 61
5741 61
5742 61
5743 61
5744 61
5745 61
5746 61
5747 61
5748 61
5749 61
5750 61
5751 61
5752 61
5753 61
5754 61
5755 61
5756 61
5757 61
5758 61
5759 61
5760 85
5761 85
5762 85
5763 85
5764 85
5765 85
5766 85
5767 85
5768 85
5769 85
5770 85
5771 85
5772 85
5773 85
5774 85
5775 85
5776 85
5777 85
5778 85
5779 85
5780 85
5781 85
5782 85
5783 85
5784 85
5785 85
5786 85
5787 85
5788 85
5789 85
5790 85
5791 85
5792 85
5793 85
5794 85
5795 85
5796 85
5797 85
5798 85
5799 85
5800 85
5801 85
5802 85
5803 85
5804 85
5805 85
5806 85
5807 85
5808 85
5809 85
5810 85
5811 85
5812 85
5813 85
5814 85
5815 85
5816 85
5817 85
5818 85
5819 85
5820 85
5821 85
5822 85
5823 85
5824 86
5825 86
5826 86
5827 86
5828 86
5829 86
5830 86
5831 86
5832 86
5833 86
5834 86
5835 86
5836 86
5837 86
5838 86
5839 86
5840 86
5841 86
5842 86
5843 86
5844 86
5845 86
5846 86
5847 86
5848 86
5849 86
5850 86
5851 86
5852 86
5853 86
5854 86
5855 86
5856 86
5857 86
5858 86
5859 86
5860 86
5861 86
5862 86
5863 86
5864 86
5865 86
5866 86
5867 86
5868 86
5869 86
5870 86
5871 86
5872 86
5873 86
5874 86
5875 86
5876 86
5877 86
5878 86
5879 86
5880 86
5881 86
5882 86
5883 86
5884 86
5885 86
5886 86
5887 86
5888 87
5889 87
5890 87
5891 87
5892 87
5893 87
5894 87
5895 87
5896 87
5897 87
5898 87
5899 87
5900 87
5901 87
5902 87
5903 87
5904 87
5905 87
5906 87
5907 87
5908 87
5909 87
5910 87
5911 87
5912 87
5913 87
5914 87
5915 87
5916 87
5917 87
5918 87
5919 87
5920 87
5921 87
5922 87
5923 87
5924 87
5925 87
5926 87
5927 87
5928 87
5929 87
5930 87
5931 87
5932 87
5933 87
5934 87
5935 87
5936 87
5937 87
5938 87
5939 87
5940 87
5941 87
5942 87
5943 87
5944 87
5945 87
5946 87
5947 87
5948 87
5949 87
5950 87
5951 87
5952 88
5953 88
5954 88
5955 88
5956 88
5957 88
5958 88
5959 88
5960 88
5961 88
5962 88
5963 88
5964 88
5965 88
5966 88
5967 88
5968 88
5969 88
5970 88
5971 88
5972 88
5973 88
5974 88
5975 88
5976 88
5977 88
5978 88
5979 88
5980 88
5981 88
5982 88
5983 88
5984 88
5985 88
5986 88
5987 88
5988 88
5989 88
5990 88
5991 88
5992 88
5993 88
5994 88
5995 88
5996 88
5997 88
5998 88
5999 88
6000 88
6001 88
6002 88
6003 88
6004 88
6005 88
6006 88
6007 88
6008 88
6009 88
6010 88
6011 88
6012 88
6013 88
6014 88
6015 88
6016 89
6017 89
6018 89
6019 89
6020 89
6021 89
6022 89
6023 89
6024 89
6025 89
6026 89
6027 89
6028 89
6029 89
6030 89
6031 89
6032 89
6033 89
6034 89
6035 89
6036 89
6037 89
6038 89
6039 89
6040 89
6041 89
6042 89
6043 89
6044 89
6045 89
6046 89
6047 89
6048 89
6049 89
6050 89
6051 89
6052 89
6053 89
6054 89
6055 89
6056 89
6057 89
6058 89
6059 89
6060 89
6061 89
6062 89
6063 89
6064 89
6065 89
6066 89
6067 89
6068 89
6069 89
6070 89
6071 89
6072 89
6073 89
6074 89
6075 89
6076 89
6077 89
6078 89
6079 89
6080 90
6081 90
6082 90
6083 90
6084 90
6085 90
6086 90
6087 90
6088 90
6089 90
6090 90
6091 90
6092 90
6093 90
6094 90
6095 90
6096 90
6097 90
6098 90
6099 90
6100 90
6101 90
6102 90
6103 90
6104 90
6105 90
6106 90
6107 90
6108 90
6109 90
6110 90
6111 90
6112 90
6113 90
6114 90
6115 90
6116 90
6117 90
6118 90
6119 90
6120 90
6121 90
6122 90
6123 90
6124 90
6125 90
6126 90
6127 90
6128 90
6129 90
6130 90
6131 90
6132 90
6133 90
6134 90
6135 90
6136 90
6137 90
6138 90
6139 90
6140 90
6141 90
6142 90
6143 90
6144 91
6145 91
6146 91
6147 91
6148 91
6149 91
6150 91
6151 91
6152 91
6153 91
6154 91
6155 91
6156 91
6157 91
6158 91
6159 91
6160 91
6161 91
6162 91
6163 91
6164 91
6165 91
6166 91
6167 91
6168 91
6169 91
6170 91
6171 91
6172 91
6173 91
6174 91
6175 91
6176 91
6177 91
6178 91
6179 91
6180 91
6181 91
6182 91
6183 91
6184 91
6185 91
6186 91
6187 91
6188 91
6189 91
6190 91
6191 91
6192 91
6193 91
6194 91
6195 91
6196 91
6197 91
6198 91
6199 91
6200 91
6201 91
6202 91
6203 91
6204 91
6205 91
6206 91
6207 91
6208 92
6209 92
6210 92
6211 92
6212 92
6213 92
6214 92
6215 92
6216 92
6217 92
6218 92
6219 92
6220 92
6221 92
6222 92
6223 92
6224 92
6225 92
6226 92
6227 92
6228 92
6229 92
6230 92
6231 92
6232 92
6233 92
6234 92
6235 92
6236 92
6237 92
6238 92
6239 92
6240 92
6241 92
6242 92
6243 92
6244 92
6245 92
6246 92
6247 92
6248 92
6249 92
6250 92
6251 92
6252 92
6253 92
6254 92
6255 92
6256 92
6257 92
6258 92
6259 92
6260 92
6261 92
6262 92
6263 92
6264 92
6265 92
6266 92
6267 92
6268 92
6269 92
6270 92
6271 92
6272 93
6273 93
6274 93
6275 93
6276 93
6277 93
6278 93
6279 93
6280 93
6281 93
6282 93
6283 93
6284 93
6285 93
6286 93
6287 93
6288 93
6289 93
6290 93
6291 93
6292 93
6293 93
6294 93
6295 93
6296 93
6297 93
6298 93
6299 93
6300 93
6301 93
6302 93
6303 93
6304 93
6305 93
6306 93
6307 93
6308 93
6309 93
6310 93
6311 93
6312 93
6313 93
6314 93
6315 93
6316 93
6317 93
6318 93
6319 93
6320 93
6321 93
6322 93
6323 93
6324 93
6325 93
6326 93
6327 93
6328 93
6329 93
6330 93
6331 93
6332 93
6333 93
6334 93
6335 93
6336 47
6337 47
6338 47
6339 47
6340 47
6341 47
6342 47
6343 47
6344 47
6345 47
6346 47
6347 47
6348 47
6349 47
6350 47
6351 47
6352 47
6353 47
6354 47
6355 47
6356 47
6357 47
6358 47
6359 47
6360 47
6361 47
6362 47
6363 47
6364 47
6365 47
6366 47
6367 47
6368 47
6369 47
6370 47
6371 47
6372 47
6373 47
6374 47
6375 47
6376 47
6377 47
6378 47
6379 47
6380 47
6381 47
6382 47
6383 47
6384 47
6385 47
6386 47
6387 47
6388 47
6389 47
6390 47
6391 47
6392 47
6393 47
6394 47
6395 47
6396 47
6397 47
6398 47
6399 47
