0 0
1 0
2 0
3 0
4 0
5 0
6 0
7 0
8 0
9 0
10 0
11 0
12 0
13 0
14 0
15 0
16 0
17 0
18 0
19 0
20 0
21 0
22 0
23 0
24 0
25 0
26 0
27 0
28 0
29 0
30 0
31 0
32 0
33 0
34 0
35 0
36 0
37 0
38 0
39 0
40 0
41 0
42 0
43 0
44 0
45 0
46 0
47 0
48 0
49 0
50 0
51 0
52 0
53 0
54 0
55 0
56 0
57 0
58 0
59 0
60 0
61 0
62 0
63 0
64 0
65 0
66 0
67 0
68 0
69 0
70 0
71 0
72 0
73 0
74 0
75 0
76 0
77 0
78 0
79 0
80 0
81 0
82 0
83 0
84 0
85 0
86 0
87 0
88 0
89 0
90 0
91 0
92 0
93 0
94 0
95 0
96 0
97 0
98 0
99 0
100 0
101 0
102 0
103 0
104 0
105 0
106 0
107 0
108 0
109 0
110 0
111 0
112 0
113 0
114 0
115 0
116 0
117 0
118 0
119 0
120 0
121 0
122 0
123 0
124 0
125 0
126 0
127 0
128 0
129 0
130 0
131 0
132 0
133 0
134 0
135 0
136 0
137 0
138 0
139 0
140 0
141 0
142 0
143 0
144 0
145 0
146 0
147 0
148 0
149 0
150 0
151 0
152 0
153 0
154 0
155 0
156 0
157 0
158 0
159 0
160 0
161 0
162 0
163 0
164 0
165 0
166 0
167 0
168 0
169 0
170 0
171 0
172 0
173 0
174 0
175 0
176 0
177 0
178 0
179 0
180 0
181 0
182 0
183 0
184 0
185 0
186 0
187 0
188 0
189 0
190 0
191 0
192 1
193 1
194 1
195 1
196 1
197 1
198 1
199 1
200 1
201 1
202 1
203 1
204 1
205 1
206 1
207 1
208 1
209 1
210 1
211 1
212 1
213 1
214 1
215 1
216 1
217 1
218 1
219 1
220 1
221 1
222 1
223 1
224 1
225 1
226 1
227 1
228 1
229 1
230 1
231 1
232 1
233 1
234 1
235 1
236 1
237 1
238 1
239 1
240 1
241 1
242 1
243 1
244 1
245 1
246 1
247 1
248 1
249 1
250 1
251 1
252 1
253 1
254 1
255 1
256 2
257 2
258 2
259 2
260 2
261 2
262 2
263 2
264 2
265 2
266 2
267 2
268 2
269 2
270 2
271 2
272 2
273 2
274 2
275 2
276 2
277 2
278 2
279 2
280 2
281 2
282 2
283 2
284 2
285 2
286 2
287 2
288 2
289 2
290 2
291 2
292 2
293 2
294 2
295 2
296 2
297 2
298 2
299 2
300 2
301 2
302 2
303 2
304 2
305 2
306 2
307 2
308 2
309 2
310 2
311 2
312 2
313 2
314 2
315 2
316 2
317 2
318 2
319 2
320 3
321 3
322 3
323 3
324 3
325 3
326 3
327 3
328 3
329 3
330 3
331 3
332 3
333 3
334 3
335 3
336 3
337 3
338 3
339 3
340 3
341 3
342 3
343 3
344 3
345 3
346 3
347 3
348 3
349 3
350 3
351 3
352 3
353 3
354 3
355 3
356 3
357 3
358 3
359 3
360 3
361 3
362 3
363 3
364 3
365 3
366 3
367 3
368 3
369 3
370 3
371 3
372 3
373 3
374 3
375 3
376 3
377 3
378 3
379 3
380 3
381 3
382 3
383 3
384 4
385 4
386 4
387 4
388 4
389 4
390 4
391 4
392 4
393 4
394 4
395 4
396 4
397 4
398 4
399 4
400 4
401 4
402 4
403 4
404 4
405 4
406 4
407 4
408 4
409 4
410 4
411 4
412 4
413 4
414 4
415 4
416 4
417 4
418 4
419 4
420 4
421 4
422 4
423 4
424 4
425 4
426 4
427 4
428 4
429 4
430 4
431 4
432 4
433 4
434 4
435 4
436 4
437 4
438 4
439 4
440 4
441 4
442 4
443 4
444 4
445 4
446 4
447 4
448 5
449 5
450 5
451 5
452 5
453 5
454 5
455 5
456 5
457 5
458 5
459 5
460 5
461 5
462 5
463 5
464 5
465 5
466 5
467 5
468 5
469 5
470 5
471 5
472 5
473 5
474 5
475 5
476 5
477 5
478 5
479 5
480 5
481 5
482 5
483 5
484 5
485 5
486 5
487 5
488 5
489 5
490 5
491 5
492 5
493 5
494 5
495 5
496 5
497 5
498 5
499 5
500 5
501 5
502 5
503 5
504 5
505 5
506 5
507 5
508 5
509 5
510 5
511 5
512 6
513 6
514 6
515 6
516 6
517 6
518 6
519 6
520 6
521 6
522 6
523 6
524 6
525 6
526 6
527 6
528 6
529 6
530 6
531 6
532 6
533 6
534 6
535 6
536 6
537 6
538 6
539 6
540 6
541 6
542 6
543 6
544 6
545 6
546 6
547 6
548 6
549 6
550 6
551 6
552 6
553 6
554 6
555 6
556 6
557 6
558 6
559 6
560 6
561 6
562 6
563 6
564 6
565 6
566 6
567 6
568 6
569 6
570 6
571 6
572 6
573 6
574 6
575 6
576 7
577 7
578 7
579 7
580 7
581 7
582 7
583 7
584 7
585 7
586 7
587 7
588 7
589 7
590 7
591 7
592 7
593 7
594 7
595 7
596 7
597 7
598 7
599 7
600 7
601 7
602 7
603 7
604 7
605 7
606 7
607 7
608 7
609 7
610 7
611 7
612 7
613 7
614 7
615 7
616 7
617 7
618 7
619 7
620 7
621 7
622 7
623 7
624 7
625 7
626 7
627 7
628 7
629 7
630 7
631 7
632 7
633 7
634 7
635 7
636 7
637 7
638 7
639 7
640 8
641 8
642 8
643 8
644 8
645 8
646 8
647 8
648 8
649 8
650 8
651 8
652 8
653 8
654 8
655 8
656 8
657 8
658 8
659 8
660 8
661 8
662 8
663 8
664 8
665 8
666 8
667 8
668 8
669 8
670 8
671 8
672 8
673 8
674 8
675 8
676 8
677 8
678 8
679 8
680 8
681 8
682 8
683 8
684 8
685 8
686 8
687 8
688 8
689 8
690 8
691 8
692 8
693 8
694 8
695 8
696 8
697 8
698 8
699 8
700 8
701 8
702 8
703 8
704 9
705 9
706 9
707 9
708 9
709 9
710 9
711 9
712 9
713 9
714 9
715 9
716 9
717 9
718 9
719 9
720 9
721 9
722 9
723 9
724 9
725 9
726 9
727 9
728 9
729 9
730 9
731 9
732 9
733 9
734 9
735 9
736 9
737 9
738 9
739 9
740 9
741 9
742 9
743 9
744 9
745 9
746 9
747 9
748 9
749 9
750 9
751 9
752 9
753 9
754 9
755 9
756 9
757 9
758 9
759 9
760 9
761 9
762 9
763 9
764 9
765 9
766 9
767 9
768 10
769 10
770 10
771 10
772 10
773 10
774 10
775 10
776 10
777 10
778 10
779 10
780 10
781 10
782 10
783 10
784 10
785 10
786 10
787 10
788 10
789 10
790 10
791 10
792 10
793 10
794 10
795 10
796 10
797 10
798 10
799 10
800 10
801 10
802 10
803 10
804 10
805 10
806 10
807 10
808 10
809 10
810 10
811 10
812 10
813 10
814 10
815 10
816 10
817 10
818 10
819 10
820 10
821 10
822 10
823 10
824 10
825 10
826 10
827 10
828 10
829 10
830 10
831 10
832 0
833 0
834 0
835 0
836 0
837 0
838 0
839 0
840 0
841 0
842 0
843 0
844 0
845 0
846 0
847 0
848 0
849 0
850 0
851 0
852 0
853 0
854 0
855 0
856 0
857 0
858 0
859 0
860 0
861 0
862 0
863 0
864 0
865 0
866 0
867 0
868 0
869 0
870 0
871 0
872 0
873 0
874 0
875 0
876 0
877 0
878 0
879 0
880 0
881 0
882 0
883 0
884 0
885 0
886 0
887 0
888 0
889 0
890 0
891 0
892 0
893 0
894 0
895 0
896 11
897 11
898 11
899 11
900 11
901 11
902 11
903 11
904 11
905 11
906 11
907 11
908 11
909 11
910 11
911 11
912 11
913 11
914 11
915 11
916 11
917 11
918 11
919 11
920 11
921 11
922 11
923 11
924 11
925 11
926 11
927 11
928 11
929 11
930 11
931 11
932 11
933 11
934 11
935 11
936 11
937 11
938 11
939 11
940 11
941 11
942 11
943 11
944 11
945 11
946 11
947 11
948 11
949 11
950 11
951 11
952 11
953 11
954 11
955 11
956 11
957 11
958 11
959 11
960 0
961 0
962 0
963 0
964 0
965 0
966 0
967 0
968 0
969 0
970 0
971 0
972 0
973 0
974 0
975 0
976 0
977 0
978 0
979 0
980 0
981 0
982 0
983 0
984 0
985 0
986 0
987 0
988 0
989 0
990 0
991 0
992 0
993 0
994 0
995 0
996 0
997 0
998 0
999 0
1000 0
1001 0
1002 0
1003 0
1004 0
1005 0
1006 0
1007 0
1008 0
1009 0
1010 0
1011 0
1012 0
1013 0
1014 0
1015 0
1016 0
1017 0
1018 0
1019 0
1020 0
1021 0
1022 0
1023 0
1024 12
1025 12
1026 12
1027 12
1028 12
1029 12
1030 12
1031 12
1032 12
1033 12
1034 12
1035 12
1036 12
1037 12
1038 12
1039 12
1040 12
1041 12
1042 12
1043 12
1044 12
1045 12
1046 12
1047 12
1048 12
1049 12
1050 12
1051 12
1052 12
1053 12
1054 12
1055 12
1056 12
1057 12
1058 12
1059 12
1060 12
1061 12
1062 12
1063 12
1064 12
1065 12
1066 12
1067 12
1068 12
1069 12
1070 12
1071 12
1072 12
1073 12
1074 12
1075 12
1076 12
1077 12
1078 12
1079 12
1080 12
1081 12
1082 12
1083 12
1084 12
1085 12
1086 12
1087 12
1088 13
1089 13
1090 13
1091 13
1092 13
1093 13
1094 13
1095 13
1096 13
1097 13
1098 13
1099 13
1100 13
1101 13
1102 13
1103 13
1104 13
1105 13
1106 13
1107 13
1108 13
1109 13
1110 13
1111 13
1112 13
1113 13
1114 13
1115 13
1116 13
1117 13
1118 13
1119 13
1120 13
1121 13
1122 13
1123 13
1124 13
1125 13
1126 13
1127 13
1128 13
1129 13
1130 13
1131 13
1132 13
1133 13
1134 13
1135 13
1136 13
1137 13
1138 13
1139 13
1140 13
1141 13
1142 13
1143 13
1144 13
1145 13
1146 13
1147 13
1148 13
1149 13
1150 13
1151 13
1152 14
1153 14
1154 14
1155 14
1156 14
1157 14
1158 14
1159 14
1160 14
1161 14
1162 14
1163 14
1164 14
1165 14
1166 14
1167 14
1168 14
1169 14
1170 14
1171 14
1172 14
1173 14
1174 14
1175 14
1176 14
1177 14
1178 14
1179 14
1180 14
1181 14
1182 14
1183 14
1184 14
1185 14
1186 14
1187 14
1188 14
1189 14
1190 14
1191 14
1192 14
1193 14
1194 14
1195 14
1196 14
1197 14
1198 14
1199 14
1200 14
1201 14
1202 14
1203 14
1204 14
1205 14
1206 14
1207 14
1208 14
1209 14
1210 14
1211 14
1212 14
1213 14
1214 14
1215 14
1216 15
1217 15
1218 15
1219 15
1220 15
1221 15
1222 15
1223 15
1224 15
1225 15
1226 15
1227 15
1228 15
1229 15
1230 15
1231 15
1232 15
1233 15
1234 15
1235 15
1236 15
1237 15
1238 15
1239 15
1240 15
1241 15
1242 15
1243 15
1244 15
1245 15
1246 15
1247 15
1248 15
1249 15
1250 15
1251 15
1252 15
1253 15
1254 15
1255 15
1256 15
1257 15
1258 15
1259 15
1260 15
1261 15
1262 15
1263 15
1264 15
1265 15
1266 15
1267 15
1268 15
1269 15
1270 15
1271 15
1272 15
1273 15
1274 15
1275 15
1276 15
1277 15
1278 15
1279 15
1280 16
1281 16
1282 16
1283 16
1284 16
1285 16
1286 16
1287 16
1288 16
1289 16
1290 16
1291 16
1292 16
1293 16
1294 16
1295 16
1296 16
1297 16
1298 16
1299 16
1300 16
1301 16
1302 16
1303 16
1304 16
1305 16
1306 16
1307 16
1308 16
1309 16
1310 16
1311 16
1312 16
1313 16
1314 16
1315 16
1316 16
1317 16
1318 16
1319 16
1320 16
1321 16
1322 16
1323 16
1324 16
1325 16
1326 16
1327 16
1328 16
1329 16
1330 16
1331 16
1332 16
1333 16
1334 16
1335 16
1336 16
1337 16
1338 16
1339 16
1340 16
1341 16
1342 16
1343 16
1344 17
1345 17
1346 17
1347 17
1348 17
1349 17
1350 17
1351 17
1352 17
1353 17
1354 17
1355 17
1356 17
1357 17
1358 17
1359 17
1360 17
1361 17
1362 17
1363 17
1364 17
1365 17
1366 17
1367 17
1368 17
1369 17
1370 17
1371 17
1372 17
1373 17
1374 17
1375 17
1376 17
1377 17
1378 17
1379 17
1380 17
1381 17
1382 17
1383 17
1384 17
1385 17
1386 17
1387 17
1388 17
1389 17
1390 17
1391 17
1392 17
1393 17
1394 17
1395 17
1396 17
1397 17
1398 17
1399 17
1400 17
1401 17
1402 17
1403 17
1404 17
1405 17
1406 17
1407 17
1408 18
1409 18
1410 18
1411 18
1412 18
1413 18
1414 18
1415 18
1416 18
1417 18
1418 18
1419 18
1420 18
1421 18
1422 18
1423 18
1424 18
1425 18
1426 18
1427 18
1428 18
1429 18
1430 18
1431 18
1432 18
1433 18
1434 18
1435 18
1436 18
1437 18
1438 18
1439 18
1440 18
1441 18
1442 18
1443 18
1444 18
1445 18
1446 18
1447 18
1448 18
1449 18
1450 18
1451 18
1452 18
1453 18
1454 18
1455 18
1456 18
1457 18
1458 18
1459 18
1460 18
1461 18
1462 18
1463 18
1464 18
1465 18
1466 18
1467 18
1468 18
1469 18
1470 18
1471 18
1472 19
1473 19
1474 19
1475 19
1476 19
1477 19
1478 19
1479 19
1480 19
1481 19
1482 19
1483 19
1484 19
1485 19
1486 19
1487 19
1488 19
1489 19
1490 19
1491 19
1492 19
1493 19
1494 19
1495 19
1496 19
1497 19
1498 19
1499 19
1500 19
1501 19
1502 19
1503 19
1504 19
1505 19
1506 19
1507 19
1508 19
1509 19
1510 19
1511 19
1512 19
1513 19
1514 19
1515 19
1516 19
1517 19
1518 19
1519 19
1520 19
1521 19
1522 19
1523 19
1524 19
1525 19
1526 19
1527 19
1528 19
1529 19
1530 19
1531 19
1532 19
1533 19
1534 19
1535 19
1536 20
1537 20
1538 20
1539 20
1540 20
1541 20
1542 20
1543 20
1544 20
1545 20
1546 20
1547 20
1548 20
1549 20
1550 20
1551 20
1552 20
1553 20
1554 20
1555 20
1556 20
1557 20
1558 20
1559 20
1560 20
1561 20
1562 20
1563 20
1564 20
1565 20
1566 20
1567 20
1568 20
1569 20
1570 20
1571 20
1572 20
1573 20
1574 20
1575 20
1576 20
1577 20
1578 20
1579 20
1580 20
1581 20
1582 20
1583 20
1584 20
1585 20
1586 20
1587 20
1588 20
1589 20
1590 20
1591 20
1592 20
1593 20
1594 20
1595 20
1596 20
1597 20
1598 20
1599 20
1600 21
1601 21
1602 21
1603 21
1604 21
1605 21
1606 21
1607 21
1608 21
1609 21
1610 21
1611 21
1612 21
1613 21
1614 21
1615 21
1616 21
1617 21
1618 21
1619 21
1620 21
1621 21
1622 21
1623 21
1624 21
1625 21
1626 21
1627 21
1628 21
1629 21
1630 21
1631 21
1632 21
1633 21
1634 21
1635 21
1636 21
1637 21
1638 21
1639 21
1640 21
1641 21
1642 21
1643 21
1644 21
1645 21
1646 21
1647 21
1648 21
1649 21
1650 21
1651 21
1652 21
1653 21
1654 21
1655 21
1656 21
1657 21
1658 21
1659 21
1660 21
1661 21
1662 21
1663 21
1664 0
1665 0
1666 0
1667 0
1668 0
1669 0
1670 0
1671 0
1672 0
1673 0
1674 0
1675 0
1676 0
1677 0
1678 0
1679 0
1680 0
1681 0
1682 0
1683 0
1684 0
1685 0
1686 0
1687 0
1688 0
1689 0
1690 0
1691 0
1692 0
1693 0
1694 0
1695 0
1696 0
1697 0
1698 0
1699 0
1700 0
1701 0
1702 0
1703 0
1704 0
1705 0
1706 0
1707 0
1708 0
1709 0
1710 0
1711 0
1712 0
1713 0
1714 0
1715 0
1716 0
1717 0
1718 0
1719 0
1720 0
1721 0
1722 0
1723 0
1724 0
1725 0
1726 0
1727 0
1728 22
1729 22
1730 22
1731 22
1732 22
1733 22
1734 22
1735 22
1736 22
1737 22
1738 22
1739 22
1740 22
1741 22
1742 22
1743 22
1744 22
1745 22
1746 22
1747 22
1748 22
1749 22
1750 22
1751 22
1752 22
1753 22
1754 22
1755 22
1756 22
1757 22
1758 22
1759 22
1760 22
1761 22
1762 22
1763 22
1764 22
1765 22
1766 22
1767 22
1768 22
1769 22
1770 22
1771 22
1772 22
1773 22
1774 22
1775 22
1776 22
1777 22
1778 22
1779 22
1780 22
1781 22
1782 22
1783 22
1784 22
1785 22
1786 22
1787 22
1788 22
1789 22
1790 22
1791 22
1792 23
1793 23
1794 23
1795 23
1796 23
1797 23
1798 23
1799 23
1800 23
1801 23
1802 23
1803 23
1804 23
1805 23
1806 23
1807 23
1808 23
1809 23
1810 23
1811 23
1812 23
1813 23
1814 23
1815 23
1816 23
1817 23
1818 23
1819 23
1820 23
1821 23
1822 23
1823 23
1824 23
1825 23
1826 23
1827 23
1828 23
1829 23
1830 23
1831 23
1832 23
1833 23
1834 23
1835 23
1836 23
1837 23
1838 23
1839 23
1840 23
1841 23
1842 23
1843 23
1844 23
1845 23
1846 23
1847 23
1848 23
1849 23
1850 23
1851 23
1852 23
1853 23
1854 23
1855 23
1856 24
1857 24
1858 24
1859 24
1860 24
1861 24
1862 24
1863 24
1864 24
1865 24
1866 24
1867 24
1868 24
1869 24
1870 24
1871 24
1872 24
1873 24
1874 24
1875 24
1876 24
1877 24
1878 24
1879 24
1880 24
1881 24
1882 24
1883 24
1884 24
1885 24
1886 24
1887 24
1888 24
1889 24
1890 24
1891 24
1892 24
1893 24
1894 24
1895 24
1896 24
1897 24
1898 24
1899 24
1900 24
1901 24
1902 24
1903 24
1904 24
1905 24
1906 24
1907 24
1908 24
1909 24
1910 24
1911 24
1912 24
1913 24
1914 24
1915 24
1916 24
1917 24
1918 24
1919 24
1920 25
1921 25
1922 25
1923 25
1924 25
1925 25
1926 25
1927 25
1928 25
1929 25
1930 25
1931 25
1932 25
1933 25
1934 25
1935 25
1936 25
1937 25
1938 25
1939 25
1940 25
1941 25
1942 25
1943 25
1944 25
1945 25
1946 25
1947 25
1948 25
1949 25
1950 25
1951 25
1952 25
1953 25
1954 25
1955 25
1956 25
1957 25
1958 25
1959 25
1960 25
1961 25
1962 25
1963 25
1964 25
1965 25
1966 25
1967 25
1968 25
1969 25
1970 25
1971 25
1972 25
1973 25
1974 25
1975 25
1976 25
1977 25
1978 25
1979 25
1980 25
1981 25
1982 25
1983 25
1984 26
1985 26
1986 26
1987 26
1988 26
1989 26
1990 26
1991 26
1992 26
1993 26
1994 26
1995 26
1996 26
1997 26
1998 26
1999 26
2000 26
2001 26
2002 26
2003 26
2004 26
2005 26
2006 26
2007 26
2008 26
2009 26
2010 26
2011 26
2012 26
2013 26
2014 26
2015 26
2016 26
2017 26
2018 26
2019 26
2020 26
2021 26
2022 26
2023 26
2024 26
2025 26
2026 26
2027 26
2028 26
2029 26
2030 26
2031 26
2032 26
2033 26
2034 26
2035 26
2036 26
2037 26
2038 26
2039 26
2040 26
2041 26
2042 26
2043 26
2044 26
2045 26
2046 26
2047 26
2048 27
2049 27
2050 27
2051 27
2052 27
2053 27
2054 27
2055 27
2056 27
2057 27
2058 27
2059 27
2060 27
2061 27
2062 27
2063 27
2064 27
2065 27
2066 27
2067 27
2068 27
2069 27
2070 27
2071 27
2072 27
2073 27
2074 27
2075 27
2076 27
2077 27
2078 27
2079 27
2080 27
2081 27
2082 27
2083 27
2084 27
2085 27
2086 27
2087 27
2088 27
2089 27
2090 27
2091 27
2092 27
2093 27
2094 27
2095 27
2096 27
2097 27
2098 27
2099 27
2100 27
2101 27
2102 27
2103 27
2104 27
2105 27
2106 27
2107 27
2108 27
2109 27
2110 27
2111 27
2112 28
2113 28
2114 28
2115 28
2116 28
2117 28
2118 28
2119 28
2120 28
2121 28
2122 28
2123 28
2124 28
2125 28
2126 28
2127 28
2128 28
2129 28
2130 28
2131 28
2132 28
2133 28
2134 28
2135 28
2136 28
2137 28
2138 28
2139 28
2140 28
2141 28
2142 28
2143 28
2144 28
2145 28
2146 28
2147 28
2148 28
2149 28
2150 28
2151 28
2152 28
2153 28
2154 28
2155 28
2156 28
2157 28
2158 28
2159 28
2160 28
2161 28
2162 28
2163 28
2164 28
2165 28
2166 28
2167 28
2168 28
2169 28
2170 28
2171 28
2172 28
2173 28
2174 28
2175 28
2176 29
2177 29
2178 29
2179 29
2180 29
2181 29
2182 29
2183 29
2184 29
2185 29
2186 29
2187 29
2188 29
2189 29
2190 29
2191 29
2192 29
2193 29
2194 29
2195 29
2196 29
2197 29
2198 29
2199 29
2200 29
2201 29
2202 29
2203 29
2204 29
2205 29
2206 29
2207 29
2208 29
2209 29
2210 29
2211 29
2212 29
2213 29
2214 29
2215 29
2216 29
2217 29
2218 29
2219 29
2220 29
2221 29
2222 29
2223 29
2224 29
2225 29
2226 29
2227 29
2228 29
2229 29
2230 29
2231 29
2232 29
2233 29
2234 29
2235 29
2236 29
2237 29
2238 29
2239 29
2240 30
2241 30
2242 30
2243 30
2244 30
2245 30
2246 30
2247 30
2248 30
2249 30
2250 30
2251 30
2252 30
2253 30
2254 30
2255 30
2256 30
2257 30
2258 30
2259 30
2260 30
2261 30
2262 30
2263 30
2264 30
2265 30
2266 30
2267 30
2268 30
2269 30
2270 30
2271 30
2272 30
2273 30
2274 30
2275 30
2276 30
2277 30
2278 30
2279 30
2280 30
2281 30
2282 30
2283 30
2284 30
2285 30
2286 30
2287 30
2288 30
2289 30
2290 30
2291 30
2292 30
2293 30
2294 30
2295 30
2296 30
2297 30
2298 30
2299 30
2300 30
2301 30
2302 30
2303 30
2304 31
2305 31
2306 31
2307 31
2308 31
2309 31
2310 31
2311 31
2312 31
2313 31
2314 31
2315 31
2316 31
2317 31
2318 31
2319 31
2320 31
2321 31
2322 31
2323 31
2324 31
2325 31
2326 31
2327 31
2328 31
2329 31
2330 31
2331 31
2332 31
2333 31
2334 31
2335 31
2336 31
2337 31
2338 31
2339 31
2340 31
2341 31
2342 31
2343 31
2344 31
2345 31
2346 31
2347 31
2348 31
2349 31
2350 31
2351 31
2352 31
2353 31
2354 31
2355 31
2356 31
2357 31
2358 31
2359 31
2360 31
2361 31
2362 31
2363 31
2364 31
2365 31
2366 31
2367 31
2368 32
2369 32
2370 32
2371 32
2372 32
2373 32
2374 32
2375 32
2376 32
2377 32
2378 32
2379 32
2380 32
2381 32
2382 32
2383 32
2384 32
2385 32
2386 32
2387 32
2388 32
2389 32
2390 32
2391 32
2392 32
2393 32
2394 32
2395 32
2396 32
2397 32
2398 32
2399 32
2400 32
2401 32
2402 32
2403 32
2404 32
2405 32
2406 32
2407 32
2408 32
2409 32
2410 32
2411 32
2412 32
2413 32
2414 32
2415 32
2416 32
2417 32
2418 32
2419 32
2420 32
2421 32
2422 32
2423 32
2424 32
2425 32
2426 32
2427 32
2428 32
2429 32
2430 32
2431 32
