0 0
1 0
2 0
3 0
4 0
5 0
6 0
7 0
8 0
9 0
10 0
11 0
12 0
13 0
14 0
15 0
16 0
17 0
18 0
19 0
20 0
21 0
22 0
23 0
24 0
25 0
26 0
27 0
28 0
29 0
30 0
31 0
32 0
33 0
34 0
35 0
36 0
37 0
38 0
39 0
40 0
41 0
42 0
43 0
44 0
45 0
46 0
47 0
48 0
49 0
50 0
51 0
52 0
53 0
54 0
55 0
56 0
57 0
58 0
59 0
60 0
61 0
62 0
63 0
64 1
65 1
66 1
67 1
68 1
69 1
70 1
71 1
72 1
73 1
74 1
75 1
76 1
77 1
78 1
79 1
80 1
81 1
82 1
83 1
84 1
85 1
86 1
87 1
88 1
89 1
90 1
91 1
92 1
93 1
94 1
95 1
96 1
97 1
98 1
99 1
100 1
101 1
102 1
103 1
104 1
105 1
106 1
107 1
108 1
109 1
110 1
111 1
112 1
113 1
114 1
115 1
116 1
117 1
118 1
119 1
120 1
121 1
122 1
123 1
124 1
125 1
126 1
127 1
128 2
129 2
130 2
131 2
132 2
133 2
134 2
135 2
136 2
137 2
138 2
139 2
140 2
141 2
142 2
143 2
144 2
145 2
146 2
147 2
148 2
149 2
150 2
151 2
152 2
153 2
154 2
155 2
156 2
157 2
158 2
159 2
160 2
161 2
162 2
163 2
164 2
165 2
166 2
167 2
168 2
169 2
170 2
171 2
172 2
173 2
174 2
175 2
176 2
177 2
178 2
179 2
180 2
181 2
182 2
183 2
184 2
185 2
186 2
187 2
188 2
189 2
190 2
191 2
192 3
193 3
194 3
195 3
196 3
197 3
198 3
199 3
200 3
201 3
202 3
203 3
204 3
205 3
206 3
207 3
208 3
209 3
210 3
211 3
212 3
213 3
214 3
215 3
216 3
217 3
218 3
219 3
220 3
221 3
222 3
223 3
224 3
225 3
226 3
227 3
228 3
229 3
230 3
231 3
232 3
233 3
234 3
235 3
236 3
237 3
238 3
239 3
240 3
241 3
242 3
243 3
244 3
245 3
246 3
247 3
248 3
249 3
250 3
251 3
252 3
253 3
254 3
255 3
256 4
257 4
258 4
259 4
260 4
261 4
262 4
263 4
264 4
265 4
266 4
267 4
268 4
269 4
270 4
271 4
272 4
273 4
274 4
275 4
276 4
277 4
278 4
279 4
280 4
281 4
282 4
283 4
284 4
285 4
286 4
287 4
288 4
289 4
290 4
291 4
292 4
293 4
294 4
295 4
296 4
297 4
298 4
299 4
300 4
301 4
302 4
303 4
304 4
305 4
306 4
307 4
308 4
309 4
310 4
311 4
312 4
313 4
314 4
315 4
316 4
317 4
318 4
319 4
320 5
321 5
322 5
323 5
324 5
325 5
326 5
327 5
328 5
329 5
330 5
331 5
332 5
333 5
334 5
335 5
336 5
337 5
338 5
339 5
340 5
341 5
342 5
343 5
344 5
345 5
346 5
347 5
348 5
349 5
350 5
351 5
352 5
353 5
354 5
355 5
356 5
357 5
358 5
359 5
360 5
361 5
362 5
363 5
364 5
365 5
366 5
367 5
368 5
369 5
370 5
371 5
372 5
373 5
374 5
375 5
376 5
377 5
378 5
379 5
380 5
381 5
382 5
383 5
384 6
385 6
386 6
387 6
388 6
389 6
390 6
391 6
392 6
393 6
394 6
395 6
396 6
397 6
398 6
399 6
400 6
401 6
402 6
403 6
404 6
405 6
406 6
407 6
408 6
409 6
410 6
411 6
412 6
413 6
414 6
415 6
416 6
417 6
418 6
419 6
420 6
421 6
422 6
423 6
424 6
425 6
426 6
427 6
428 6
429 6
430 6
431 6
432 6
433 6
434 6
435 6
436 6
437 6
438 6
439 6
440 6
441 6
442 6
443 6
444 6
445 6
446 6
447 6
448 7
449 7
450 7
451 7
452 7
453 7
454 7
455 7
456 7
457 7
458 7
459 7
460 7
461 7
462 7
463 7
464 7
465 7
466 7
467 7
468 7
469 7
470 7
471 7
472 7
473 7
474 7
475 7
476 7
477 7
478 7
479 7
480 7
481 7
482 7
483 7
484 7
485 7
486 7
487 7
488 7
489 7
490 7
491 7
492 7
493 7
494 7
495 7
496 7
497 7
498 7
499 7
500 7
501 7
502 7
503 7
504 7
505 7
506 7
507 7
508 7
509 7
510 7
511 7
512 8
513 8
514 8
515 8
516 8
517 8
518 8
519 8
520 8
521 8
522 8
523 8
524 8
525 8
526 8
527 8
528 8
529 8
530 8
531 8
532 8
533 8
534 8
535 8
536 8
537 8
538 8
539 8
540 8
541 8
542 8
543 8
544 8
545 8
546 8
547 8
548 8
549 8
550 8
551 8
552 8
553 8
554 8
555 8
556 8
557 8
558 8
559 8
560 8
561 8
562 8
563 8
564 8
565 8
566 8
567 8
568 8
569 8
570 8
571 8
572 8
573 8
574 8
575 8
576 9
577 9
578 9
579 9
580 9
581 9
582 9
583 9
584 9
585 9
586 9
587 9
588 9
589 9
590 9
591 9
592 9
593 9
594 9
595 9
596 9
597 9
598 9
599 9
600 9
601 9
602 9
603 9
604 9
605 9
606 9
607 9
608 9
609 9
610 9
611 9
612 9
613 9
614 9
615 9
616 9
617 9
618 9
619 9
620 9
621 9
622 9
623 9
624 9
625 9
626 9
627 9
628 9
629 9
630 9
631 9
632 9
633 9
634 9
635 9
636 9
637 9
638 9
639 9
640 10
641 10
642 10
643 10
644 10
645 10
646 10
647 10
648 10
649 10
650 10
651 10
652 10
653 10
654 10
655 10
656 10
657 10
658 10
659 10
660 10
661 10
662 10
663 10
664 10
665 10
666 10
667 10
668 10
669 10
670 10
671 10
672 10
673 10
674 10
675 10
676 10
677 10
678 10
679 10
680 10
681 10
682 10
683 10
684 10
685 10
686 10
687 10
688 10
689 10
690 10
691 10
692 10
693 10
694 10
695 10
696 10
697 10
698 10
699 10
700 10
701 10
702 10
703 10
704 11
705 11
706 11
707 11
708 11
709 11
710 11
711 11
712 11
713 11
714 11
715 11
716 11
717 11
718 11
719 11
720 11
721 11
722 11
723 11
724 11
725 11
726 11
727 11
728 11
729 11
730 11
731 11
732 11
733 11
734 11
735 11
736 11
737 11
738 11
739 11
740 11
741 11
742 11
743 11
744 11
745 11
746 11
747 11
748 11
749 11
750 11
751 11
752 11
753 11
754 11
755 11
756 11
757 11
758 11
759 11
760 11
761 11
762 11
763 11
764 11
765 11
766 11
767 11
768 12
769 12
770 12
771 12
772 12
773 12
774 12
775 12
776 12
777 12
778 12
779 12
780 12
781 12
782 12
783 12
784 12
785 12
786 12
787 12
788 12
789 12
790 12
791 12
792 12
793 12
794 12
795 12
796 12
797 12
798 12
799 12
800 12
801 12
802 12
803 12
804 12
805 12
806 12
807 12
808 12
809 12
810 12
811 12
812 12
813 12
814 12
815 12
816 12
817 12
818 12
819 12
820 12
821 12
822 12
823 12
824 12
825 12
826 12
827 12
828 12
829 12
830 12
831 12
832 13
833 13
834 13
835 13
836 13
837 13
838 13
839 13
840 13
841 13
842 13
843 13
844 13
845 13
846 13
847 13
848 13
849 13
850 13
851 13
852 13
853 13
854 13
855 13
856 13
857 13
858 13
859 13
860 13
861 13
862 13
863 13
864 13
865 13
866 13
867 13
868 13
869 13
870 13
871 13
872 13
873 13
874 13
875 13
876 13
877 13
878 13
879 13
880 13
881 13
882 13
883 13
884 13
885 13
886 13
887 13
888 13
889 13
890 13
891 13
892 13
893 13
894 13
895 13
896 14
897 14
898 14
899 14
900 14
901 14
902 14
903 14
904 14
905 14
906 14
907 14
908 14
909 14
910 14
911 14
912 14
913 14
914 14
915 14
916 14
917 14
918 14
919 14
920 14
921 14
922 14
923 14
924 14
925 14
926 14
927 14
928 14
929 14
930 14
931 14
932 14
933 14
934 14
935 14
936 14
937 14
938 14
939 14
940 14
941 14
942 14
943 14
944 14
945 14
946 14
947 14
948 14
949 14
950 14
951 14
952 14
953 14
954 14
955 14
956 14
957 14
958 14
959 14
960 15
961 15
962 15
963 15
964 15
965 15
966 15
967 15
968 15
969 15
970 15
971 15
972 15
973 15
974 15
975 15
976 15
977 15
978 15
979 15
980 15
981 15
982 15
983 15
984 15
985 15
986 15
987 15
988 15
989 15
990 15
991 15
992 15
993 15
994 15
995 15
996 15
997 15
998 15
999 15
1000 15
1001 15
1002 15
1003 15
1004 15
1005 15
1006 15
1007 15
1008 15
1009 15
1010 15
1011 15
1012 15
1013 15
1014 15
1015 15
1016 15
1017 15
1018 15
1019 15
1020 15
1021 15
1022 15
1023 15
1024 16
1025 16
1026 16
1027 16
1028 16
1029 16
1030 16
1031 16
1032 16
1033 16
1034 16
1035 16
1036 16
1037 16
1038 16
1039 16
1040 16
1041 16
1042 16
1043 16
1044 16
1045 16
1046 16
1047 16
1048 16
1049 16
1050 16
1051 16
1052 16
1053 16
1054 16
1055 16
1056 16
1057 16
1058 16
1059 16
1060 16
1061 16
1062 16
1063 16
1064 16
1065 16
1066 16
1067 16
1068 16
1069 16
1070 16
1071 16
1072 16
1073 16
1074 16
1075 16
1076 16
1077 16
1078 16
1079 16
1080 16
1081 16
1082 16
1083 16
1084 16
1085 16
1086 16
1087 16
1088 17
1089 17
1090 17
1091 17
1092 17
1093 17
1094 17
1095 17
1096 17
1097 17
1098 17
1099 17
1100 17
1101 17
1102 17
1103 17
1104 17
1105 17
1106 17
1107 17
1108 17
1109 17
1110 17
1111 17
1112 17
1113 17
1114 17
1115 17
1116 17
1117 17
1118 17
1119 17
1120 17
1121 17
1122 17
1123 17
1124 17
1125 17
1126 17
1127 17
1128 17
1129 17
1130 17
1131 17
1132 17
1133 17
1134 17
1135 17
1136 17
1137 17
1138 17
1139 17
1140 17
1141 17
1142 17
1143 17
1144 17
1145 17
1146 17
1147 17
1148 17
1149 17
1150 17
1151 17
1152 18
1153 18
1154 18
1155 18
1156 18
1157 18
1158 18
1159 18
1160 18
1161 18
1162 18
1163 18
1164 18
1165 18
1166 18
1167 18
1168 18
1169 18
1170 18
1171 18
1172 18
1173 18
1174 18
1175 18
1176 18
1177 18
1178 18
1179 18
1180 18
1181 18
1182 18
1183 18
1184 18
1185 18
1186 18
1187 18
1188 18
1189 18
1190 18
1191 18
1192 18
1193 18
1194 18
1195 18
1196 18
1197 18
1198 18
1199 18
1200 18
1201 18
1202 18
1203 18
1204 18
1205 18
1206 18
1207 18
1208 18
1209 18
1210 18
1211 18
1212 18
1213 18
1214 18
1215 18
1216 19
1217 19
1218 19
1219 19
1220 19
1221 19
1222 19
1223 19
1224 19
1225 19
1226 19
1227 19
1228 19
1229 19
1230 19
1231 19
1232 19
1233 19
1234 19
1235 19
1236 19
1237 19
1238 19
1239 19
1240 19
1241 19
1242 19
1243 19
1244 19
1245 19
1246 19
1247 19
1248 19
1249 19
1250 19
1251 19
1252 19
1253 19
1254 19
1255 19
1256 19
1257 19
1258 19
1259 19
1260 19
1261 19
1262 19
1263 19
1264 19
1265 19
1266 19
1267 19
1268 19
1269 19
1270 19
1271 19
1272 19
1273 19
1274 19
1275 19
1276 19
1277 19
1278 19
1279 19
1280 20
1281 20
1282 20
1283 20
1284 20
1285 20
1286 20
1287 20
1288 20
1289 20
1290 20
1291 20
1292 20
1293 20
1294 20
1295 20
1296 20
1297 20
1298 20
1299 20
1300 20
1301 20
1302 20
1303 20
1304 20
1305 20
1306 20
1307 20
1308 20
1309 20
1310 20
1311 20
1312 20
1313 20
1314 20
1315 20
1316 20
1317 20
1318 20
1319 20
1320 20
1321 20
1322 20
1323 20
1324 20
1325 20
1326 20
1327 20
1328 20
1329 20
1330 20
1331 20
1332 20
1333 20
1334 20
1335 20
1336 20
1337 20
1338 20
1339 20
1340 20
1341 20
1342 20
1343 20
1344 21
1345 21
1346 21
1347 21
1348 21
1349 21
1350 21
1351 21
1352 21
1353 21
1354 21
1355 21
1356 21
1357 21
1358 21
1359 21
1360 21
1361 21
1362 21
1363 21
1364 21
1365 21
1366 21
1367 21
1368 21
1369 21
1370 21
1371 21
1372 21
1373 21
1374 21
1375 21
1376 21
1377 21
1378 21
1379 21
1380 21
1381 21
1382 21
1383 21
1384 21
1385 21
1386 21
1387 21
1388 21
1389 21
1390 21
1391 21
1392 21
1393 21
1394 21
1395 21
1396 21
1397 21
1398 21
1399 21
1400 21
1401 21
1402 21
1403 21
1404 21
1405 21
1406 21
1407 21
1408 22
1409 22
1410 22
1411 22
1412 22
1413 22
1414 22
1415 22
1416 22
1417 22
1418 22
1419 22
1420 22
1421 22
1422 22
1423 22
1424 22
1425 22
1426 22
1427 22
1428 22
1429 22
1430 22
1431 22
1432 22
1433 22
1434 22
1435 22
1436 22
1437 22
1438 22
1439 22
1440 22
1441 22
1442 22
1443 22
1444 22
1445 22
1446 22
1447 22
1448 22
1449 22
1450 22
1451 22
1452 22
1453 22
1454 22
1455 22
1456 22
1457 22
1458 22
1459 22
1460 22
1461 22
1462 22
1463 22
1464 22
1465 22
1466 22
1467 22
1468 22
1469 22
1470 22
1471 22
1472 23
1473 23
1474 23
1475 23
1476 23
1477 23
1478 23
1479 23
1480 23
1481 23
1482 23
1483 23
1484 23
1485 23
1486 23
1487 23
1488 23
1489 23
1490 23
1491 23
1492 23
1493 23
1494 23
1495 23
1496 23
1497 23
1498 23
1499 23
1500 23
1501 23
1502 23
1503 23
1504 23
1505 23
1506 23
1507 23
1508 23
1509 23
1510 23
1511 23
1512 23
1513 23
1514 23
1515 23
1516 23
1517 23
1518 23
1519 23
1520 23
1521 23
1522 23
1523 23
1524 23
1525 23
1526 23
1527 23
1528 23
1529 23
1530 23
1531 23
1532 23
1533 23
1534 23
1535 23
1536 24
1537 24
1538 24
1539 24
1540 24
1541 24
1542 24
1543 24
1544 24
1545 24
1546 24
1547 24
1548 24
1549 24
1550 24
1551 24
1552 24
1553 24
1554 24
1555 24
1556 24
1557 24
1558 24
1559 24
1560 24
1561 24
1562 24
1563 24
1564 24
1565 24
1566 24
1567 24
1568 24
1569 24
1570 24
1571 24
1572 24
1573 24
1574 24
1575 24
1576 24
1577 24
1578 24
1579 24
1580 24
1581 24
1582 24
1583 24
1584 24
1585 24
1586 24
1587 24
1588 24
1589 24
1590 24
1591 24
1592 24
1593 24
1594 24
1595 24
1596 24
1597 24
1598 24
1599 24
1600 25
1601 25
1602 25
1603 25
1604 25
1605 25
1606 25
1607 25
1608 25
1609 25
1610 25
1611 25
1612 25
1613 25
1614 25
1615 25
1616 25
1617 25
1618 25
1619 25
1620 25
1621 25
1622 25
1623 25
1624 25
1625 25
1626 25
1627 25
1628 25
1629 25
1630 25
1631 25
1632 25
1633 25
1634 25
1635 25
1636 25
1637 25
1638 25
1639 25
1640 25
1641 25
1642 25
1643 25
1644 25
1645 25
1646 25
1647 25
1648 25
1649 25
1650 25
1651 25
1652 25
1653 25
1654 25
1655 25
1656 25
1657 25
1658 25
1659 25
1660 25
1661 25
1662 25
1663 25
1664 26
1665 26
1666 26
1667 26
1668 26
1669 26
1670 26
1671 26
1672 26
1673 26
1674 26
1675 26
1676 26
1677 26
1678 26
1679 26
1680 26
1681 26
1682 26
1683 26
1684 26
1685 26
1686 26
1687 26
1688 26
1689 26
1690 26
1691 26
1692 26
1693 26
1694 26
1695 26
1696 26
1697 26
1698 26
1699 26
1700 26
1701 26
1702 26
1703 26
1704 26
1705 26
1706 26
1707 26
1708 26
1709 26
1710 26
1711 26
1712 26
1713 26
1714 26
1715 26
1716 26
1717 26
1718 26
1719 26
1720 26
1721 26
1722 26
1723 26
1724 26
1725 26
1726 26
1727 26
1728 27
1729 27
1730 27
1731 27
1732 27
1733 27
1734 27
1735 27
1736 27
1737 27
1738 27
1739 27
1740 27
1741 27
1742 27
1743 27
1744 27
1745 27
1746 27
1747 27
1748 27
1749 27
1750 27
1751 27
1752 27
1753 27
1754 27
1755 27
1756 27
1757 27
1758 27
1759 27
1760 27
1761 27
1762 27
1763 27
1764 27
1765 27
1766 27
1767 27
1768 27
1769 27
1770 27
1771 27
1772 27
1773 27
1774 27
1775 27
1776 27
1777 27
1778 27
1779 27
1780 27
1781 27
1782 27
1783 27
1784 27
1785 27
1786 27
1787 27
1788 27
1789 27
1790 27
1791 27
1792 28
1793 28
1794 28
1795 28
1796 28
1797 28
1798 28
1799 28
1800 28
1801 28
1802 28
1803 28
1804 28
1805 28
1806 28
1807 28
1808 28
1809 28
1810 28
1811 28
1812 28
1813 28
1814 28
1815 28
1816 28
1817 28
1818 28
1819 28
1820 28
1821 28
1822 28
1823 28
1824 28
1825 28
1826 28
1827 28
1828 28
1829 28
1830 28
1831 28
1832 28
1833 28
1834 28
1835 28
1836 28
1837 28
1838 28
1839 28
1840 28
1841 28
1842 28
1843 28
1844 28
1845 28
1846 28
1847 28
1848 28
1849 28
1850 28
1851 28
1852 28
1853 28
1854 28
1855 28
1856 29
1857 29
1858 29
1859 29
1860 29
1861 29
1862 29
1863 29
1864 29
1865 29
1866 29
1867 29
1868 29
1869 29
1870 29
1871 29
1872 29
1873 29
1874 29
1875 29
1876 29
1877 29
1878 29
1879 29
1880 29
1881 29
1882 29
1883 29
1884 29
1885 29
1886 29
1887 29
1888 29
1889 29
1890 29
1891 29
1892 29
1893 29
1894 29
1895 29
1896 29
1897 29
1898 29
1899 29
1900 29
1901 29
1902 29
1903 29
1904 29
1905 29
1906 29
1907 29
1908 29
1909 29
1910 29
1911 29
1912 29
1913 29
1914 29
1915 29
1916 29
1917 29
1918 29
1919 29
1920 30
1921 30
1922 30
1923 30
1924 30
1925 30
1926 30
1927 30
1928 30
1929 30
1930 30
1931 30
1932 30
1933 30
1934 30
1935 30
1936 30
1937 30
1938 30
1939 30
1940 30
1941 30
1942 30
1943 30
1944 30
1945 30
1946 30
1947 30
1948 30
1949 30
1950 30
1951 30
1952 30
1953 30
1954 30
1955 30
1956 30
1957 30
1958 30
1959 30
1960 30
1961 30
1962 30
1963 30
1964 30
1965 30
1966 30
1967 30
1968 30
1969 30
1970 30
1971 30
1972 30
1973 30
1974 30
1975 30
1976 30
1977 30
1978 30
1979 30
1980 30
1981 30
1982 30
1983 30
1984 31
1985 31
1986 31
1987 31
1988 31
1989 31
1990 31
1991 31
1992 31
1993 31
1994 31
1995 31
1996 31
1997 31
1998 31
1999 31
2000 31
2001 31
2002 31
2003 31
2004 31
2005 31
2006 31
2007 31
2008 31
2009 31
2010 31
2011 31
2012 31
2013 31
2014 31
2015 31
2016 31
2017 31
2018 31
2019 31
2020 31
2021 31
2022 31
2023 31
2024 31
2025 31
2026 31
2027 31
2028 31
2029 31
2030 31
2031 31
2032 31
2033 31
2034 31
2035 31
2036 31
2037 31
2038 31
2039 31
2040 31
2041 31
2042 31
2043 31
2044 31
2045 31
2046 31
2047 31
2048 32
2049 32
2050 32
2051 32
2052 32
2053 32
2054 32
2055 32
2056 32
2057 32
2058 32
2059 32
2060 32
2061 32
2062 32
2063 32
2064 32
2065 32
2066 32
2067 32
2068 32
2069 32
2070 32
2071 32
2072 32
2073 32
2074 32
2075 32
2076 32
2077 32
2078 32
2079 32
2080 32
2081 32
2082 32
2083 32
2084 32
2085 32
2086 32
2087 32
2088 32
2089 32
2090 32
2091 32
2092 32
2093 32
2094 32
2095 32
2096 32
2097 32
2098 32
2099 32
2100 32
2101 32
2102 32
2103 32
2104 32
2105 32
2106 32
2107 32
2108 32
2109 32
2110 32
2111 32
2112 33
2113 33
2114 33
2115 33
2116 33
2117 33
2118 33
2119 33
2120 33
2121 33
2122 33
2123 33
2124 33
2125 33
2126 33
2127 33
2128 33
2129 33
2130 33
2131 33
2132 33
2133 33
2134 33
2135 33
2136 33
2137 33
2138 33
2139 33
2140 33
2141 33
2142 33
2143 33
2144 33
2145 33
2146 33
2147 33
2148 33
2149 33
2150 33
2151 33
2152 33
2153 33
2154 33
2155 33
2156 33
2157 33
2158 33
2159 33
2160 33
2161 33
2162 33
2163 33
2164 33
2165 33
2166 33
2167 33
2168 33
2169 33
2170 33
2171 33
2172 33
2173 33
2174 33
2175 33
2176 34
2177 34
2178 34
2179 34
2180 34
2181 34
2182 34
2183 34
2184 34
2185 34
2186 34
2187 34
2188 34
2189 34
2190 34
2191 34
2192 34
2193 34
2194 34
2195 34
2196 34
2197 34
2198 34
2199 34
2200 34
2201 34
2202 34
2203 34
2204 34
2205 34
2206 34
2207 34
2208 34
2209 34
2210 34
2211 34
2212 34
2213 34
2214 34
2215 34
2216 34
2217 34
2218 34
2219 34
2220 34
2221 34
2222 34
2223 34
2224 34
2225 34
2226 34
2227 34
2228 34
2229 34
2230 34
2231 34
2232 34
2233 34
2234 34
2235 34
2236 34
2237 34
2238 34
2239 34
2240 35
2241 35
2242 35
2243 35
2244 35
2245 35
2246 35
2247 35
2248 35
2249 35
2250 35
2251 35
2252 35
2253 35
2254 35
2255 35
2256 35
2257 35
2258 35
2259 35
2260 35
2261 35
2262 35
2263 35
2264 35
2265 35
2266 35
2267 35
2268 35
2269 35
2270 35
2271 35
2272 35
2273 35
2274 35
2275 35
2276 35
2277 35
2278 35
2279 35
2280 35
2281 35
2282 35
2283 35
2284 35
2285 35
2286 35
2287 35
2288 35
2289 35
2290 35
2291 35
2292 35
2293 35
2294 35
2295 35
2296 35
2297 35
2298 35
2299 35
2300 35
2301 35
2302 35
2303 35
2304 36
2305 36
2306 36
2307 36
2308 36
2309 36
2310 36
2311 36
2312 36
2313 36
2314 36
2315 36
2316 36
2317 36
2318 36
2319 36
2320 36
2321 36
2322 36
2323 36
2324 36
2325 36
2326 36
2327 36
2328 36
2329 36
2330 36
2331 36
2332 36
2333 36
2334 36
2335 36
2336 36
2337 36
2338 36
2339 36
2340 36
2341 36
2342 36
2343 36
2344 36
2345 36
2346 36
2347 36
2348 36
2349 36
2350 36
2351 36
2352 36
2353 36
2354 36
2355 36
2356 36
2357 36
2358 36
2359 36
2360 36
2361 36
2362 36
2363 36
2364 36
2365 36
2366 36
2367 36
2368 37
2369 37
2370 37
2371 37
2372 37
2373 37
2374 37
2375 37
2376 37
2377 37
2378 37
2379 37
2380 37
2381 37
2382 37
2383 37
2384 37
2385 37
2386 37
2387 37
2388 37
2389 37
2390 37
2391 37
2392 37
2393 37
2394 37
2395 37
2396 37
2397 37
2398 37
2399 37
2400 37
2401 37
2402 37
2403 37
2404 37
2405 37
2406 37
2407 37
2408 37
2409 37
2410 37
2411 37
2412 37
2413 37
2414 37
2415 37
2416 37
2417 37
2418 37
2419 37
2420 37
2421 37
2422 37
2423 37
2424 37
2425 37
2426 37
2427 37
2428 37
2429 37
2430 37
2431 37
2432 38
2433 38
2434 38
2435 38
2436 38
2437 38
2438 38
2439 38
2440 38
2441 38
2442 38
2443 38
2444 38
2445 38
2446 38
2447 38
2448 38
2449 38
2450 38
2451 38
2452 38
2453 38
2454 38
2455 38
2456 38
2457 38
2458 38
2459 38
2460 38
2461 38
2462 38
2463 38
2464 38
2465 38
2466 38
2467 38
2468 38
2469 38
2470 38
2471 38
2472 38
2473 38
2474 38
2475 38
2476 38
2477 38
2478 38
2479 38
2480 38
2481 38
2482 38
2483 38
2484 38
2485 38
2486 38
2487 38
2488 38
2489 38
2490 38
2491 38
2492 38
2493 38
2494 38
2495 38
2496 39
2497 39
2498 39
2499 39
2500 39
2501 39
2502 39
2503 39
2504 39
2505 39
2506 39
2507 39
2508 39
2509 39
2510 39
2511 39
2512 39
2513 39
2514 39
2515 39
2516 39
2517 39
2518 39
2519 39
2520 39
2521 39
2522 39
2523 39
2524 39
2525 39
2526 39
2527 39
2528 39
2529 39
2530 39
2531 39
2532 39
2533 39
2534 39
2535 39
2536 39
2537 39
2538 39
2539 39
2540 39
2541 39
2542 39
2543 39
2544 39
2545 39
2546 39
2547 39
2548 39
2549 39
2550 39
2551 39
2552 39
2553 39
2554 39
2555 39
2556 39
2557 39
2558 39
2559 39
2560 40
2561 40
2562 40
2563 40
2564 40
2565 40
2566 40
2567 40
2568 40
2569 40
2570 40
2571 40
2572 40
2573 40
2574 40
2575 40
2576 40
2577 40
2578 40
2579 40
2580 40
2581 40
2582 40
2583 40
2584 40
2585 40
2586 40
2587 40
2588 40
2589 40
2590 40
2591 40
2592 40
2593 40
2594 40
2595 40
2596 40
2597 40
2598 40
2599 40
2600 40
2601 40
2602 40
2603 40
2604 40
2605 40
2606 40
2607 40
2608 40
2609 40
2610 40
2611 40
2612 40
2613 40
2614 40
2615 40
2616 40
2617 40
2618 40
2619 40
2620 40
2621 40
2622 40
2623 40
2624 23
2625 23
2626 23
2627 23
2628 23
2629 23
2630 23
2631 23
2632 23
2633 23
2634 23
2635 23
2636 23
2637 23
2638 23
2639 23
2640 23
2641 23
2642 23
2643 23
2644 23
2645 23
2646 23
2647 23
2648 23
2649 23
2650 23
2651 23
2652 23
2653 23
2654 23
2655 23
2656 23
2657 23
2658 23
2659 23
2660 23
2661 23
2662 23
2663 23
2664 23
2665 23
2666 23
2667 23
2668 23
2669 23
2670 23
2671 23
2672 23
2673 23
2674 23
2675 23
2676 23
2677 23
2678 23
2679 23
2680 23
2681 23
2682 23
2683 23
2684 23
2685 23
2686 23
2687 23
2688 41
2689 41
2690 41
2691 41
2692 41
2693 41
2694 41
2695 41
2696 41
2697 41
2698 41
2699 41
2700 41
2701 41
2702 41
2703 41
2704 41
2705 41
2706 41
2707 41
2708 41
2709 41
2710 41
2711 41
2712 41
2713 41
2714 41
2715 41
2716 41
2717 41
2718 41
2719 41
2720 41
2721 41
2722 41
2723 41
2724 41
2725 41
2726 41
2727 41
2728 41
2729 41
2730 41
2731 41
2732 41
2733 41
2734 41
2735 41
2736 41
2737 41
2738 41
2739 41
2740 41
2741 41
2742 41
2743 41
2744 41
2745 41
2746 41
2747 41
2748 41
2749 41
2750 41
2751 41
2752 42
2753 42
2754 42
2755 42
2756 42
2757 42
2758 42
2759 42
2760 42
2761 42
2762 42
2763 42
2764 42
2765 42
2766 42
2767 42
2768 42
2769 42
2770 42
2771 42
2772 42
2773 42
2774 42
2775 42
2776 42
2777 42
2778 42
2779 42
2780 42
2781 42
2782 42
2783 42
2784 42
2785 42
2786 42
2787 42
2788 42
2789 42
2790 42
2791 42
2792 42
2793 42
2794 42
2795 42
2796 42
2797 42
2798 42
2799 42
2800 42
2801 42
2802 42
2803 42
2804 42
2805 42
2806 42
2807 42
2808 42
2809 42
2810 42
2811 42
2812 42
2813 42
2814 42
2815 42
2816 43
2817 43
2818 43
2819 43
2820 43
2821 43
2822 43
2823 43
2824 43
2825 43
2826 43
2827 43
2828 43
2829 43
2830 43
2831 43
2832 43
2833 43
2834 43
2835 43
2836 43
2837 43
2838 43
2839 43
2840 43
2841 43
2842 43
2843 43
2844 43
2845 43
2846 43
2847 43
2848 43
2849 43
2850 43
2851 43
2852 43
2853 43
2854 43
2855 43
2856 43
2857 43
2858 43
2859 43
2860 43
2861 43
2862 43
2863 43
2864 43
2865 43
2866 43
2867 43
2868 43
2869 43
2870 43
2871 43
2872 43
2873 43
2874 43
2875 43
2876 43
2877 43
2878 43
2879 43
2880 44
2881 44
2882 44
2883 44
2884 44
2885 44
2886 44
2887 44
2888 44
2889 44
2890 44
2891 44
2892 44
2893 44
2894 44
2895 44
2896 44
2897 44
2898 44
2899 44
2900 44
2901 44
2902 44
2903 44
2904 44
2905 44
2906 44
2907 44
2908 44
2909 44
2910 44
2911 44
2912 44
2913 44
2914 44
2915 44
2916 44
2917 44
2918 44
2919 44
2920 44
2921 44
2922 44
2923 44
2924 44
2925 44
2926 44
2927 44
2928 44
2929 44
2930 44
2931 44
2932 44
2933 44
2934 44
2935 44
2936 44
2937 44
2938 44
2939 44
2940 44
2941 44
2942 44
2943 44
2944 45
2945 45
2946 45
2947 45
2948 45
2949 45
2950 45
2951 45
2952 45
2953 45
2954 45
2955 45
2956 45
2957 45
2958 45
2959 45
2960 45
2961 45
2962 45
2963 45
2964 45
2965 45
2966 45
2967 45
2968 45
2969 45
2970 45
2971 45
2972 45
2973 45
2974 45
2975 45
2976 45
2977 45
2978 45
2979 45
2980 45
2981 45
2982 45
2983 45
2984 45
2985 45
2986 45
2987 45
2988 45
2989 45
2990 45
2991 45
2992 45
2993 45
2994 45
2995 45
2996 45
2997 45
2998 45
2999 45
3000 45
3001 45
3002 45
3003 45
3004 45
3005 45
3006 45
3007 45
3008 46
3009 46
3010 46
3011 46
3012 46
3013 46
3014 46
3015 46
3016 46
3017 46
3018 46
3019 46
3020 46
3021 46
3022 46
3023 46
3024 46
3025 46
3026 46
3027 46
3028 46
3029 46
3030 46
3031 46
3032 46
3033 46
3034 46
3035 46
3036 46
3037 46
3038 46
3039 46
3040 46
3041 46
3042 46
3043 46
3044 46
3045 46
3046 46
3047 46
3048 46
3049 46
3050 46
3051 46
3052 46
3053 46
3054 46
3055 46
3056 46
3057 46
3058 46
3059 46
3060 46
3061 46
3062 46
3063 46
3064 46
3065 46
3066 46
3067 46
3068 46
3069 46
3070 46
3071 46
3072 47
3073 47
3074 47
3075 47
3076 47
3077 47
3078 47
3079 47
3080 47
3081 47
3082 47
3083 47
3084 47
3085 47
3086 47
3087 47
3088 47
3089 47
3090 47
3091 47
3092 47
3093 47
3094 47
3095 47
3096 47
3097 47
3098 47
3099 47
3100 47
3101 47
3102 47
3103 47
3104 47
3105 47
3106 47
3107 47
3108 47
3109 47
3110 47
3111 47
3112 47
3113 47
3114 47
3115 47
3116 47
3117 47
3118 47
3119 47
3120 47
3121 47
3122 47
3123 47
3124 47
3125 47
3126 47
3127 47
3128 47
3129 47
3130 47
3131 47
3132 47
3133 47
3134 47
3135 47
3136 48
3137 48
3138 48
3139 48
3140 48
3141 48
3142 48
3143 48
3144 48
3145 48
3146 48
3147 48
3148 48
3149 48
3150 48
3151 48
3152 48
3153 48
3154 48
3155 48
3156 48
3157 48
3158 48
3159 48
3160 48
3161 48
3162 48
3163 48
3164 48
3165 48
3166 48
3167 48
3168 48
3169 48
3170 48
3171 48
3172 48
3173 48
3174 48
3175 48
3176 48
3177 48
3178 48
3179 48
3180 48
3181 48
3182 48
3183 48
3184 48
3185 48
3186 48
3187 48
3188 48
3189 48
3190 48
3191 48
3192 48
3193 48
3194 48
3195 48
3196 48
3197 48
3198 48
3199 48
3200 49
3201 49
3202 49
3203 49
3204 49
3205 49
3206 49
3207 49
3208 49
3209 49
3210 49
3211 49
3212 49
3213 49
3214 49
3215 49
3216 49
3217 49
3218 49
3219 49
3220 49
3221 49
3222 49
3223 49
3224 49
3225 49
3226 49
3227 49
3228 49
3229 49
3230 49
3231 49
3232 49
3233 49
3234 49
3235 49
3236 49
3237 49
3238 49
3239 49
3240 49
3241 49
3242 49
3243 49
3244 49
3245 49
3246 49
3247 49
3248 49
3249 49
3250 49
3251 49
3252 49
3253 49
3254 49
3255 49
3256 49
3257 49
3258 49
3259 49
3260 49
3261 49
3262 49
3263 49
3264 50
3265 50
3266 50
3267 50
3268 50
3269 50
3270 50
3271 50
3272 50
3273 50
3274 50
3275 50
3276 50
3277 50
3278 50
3279 50
3280 50
3281 50
3282 50
3283 50
3284 50
3285 50
3286 50
3287 50
3288 50
3289 50
3290 50
3291 50
3292 50
3293 50
3294 50
3295 50
3296 50
3297 50
3298 50
3299 50
3300 50
3301 50
3302 50
3303 50
3304 50
3305 50
3306 50
3307 50
3308 50
3309 50
3310 50
3311 50
3312 50
3313 50
3314 50
3315 50
3316 50
3317 50
3318 50
3319 50
3320 50
3321 50
3322 50
3323 50
3324 50
3325 50
3326 50
3327 50
3328 51
3329 51
3330 51
3331 51
3332 51
3333 51
3334 51
3335 51
3336 51
3337 51
3338 51
3339 51
3340 51
3341 51
3342 51
3343 51
3344 51
3345 51
3346 51
3347 51
3348 51
3349 51
3350 51
3351 51
3352 51
3353 51
3354 51
3355 51
3356 51
3357 51
3358 51
3359 51
3360 51
3361 51
3362 51
3363 51
3364 51
3365 51
3366 51
3367 51
3368 51
3369 51
3370 51
3371 51
3372 51
3373 51
3374 51
3375 51
3376 51
3377 51
3378 51
3379 51
3380 51
3381 51
3382 51
3383 51
3384 51
3385 51
3386 51
3387 51
3388 51
3389 51
3390 51
3391 51
3392 52
3393 52
3394 52
3395 52
3396 52
3397 52
3398 52
3399 52
3400 52
3401 52
3402 52
3403 52
3404 52
3405 52
3406 52
3407 52
3408 52
3409 52
3410 52
3411 52
3412 52
3413 52
3414 52
3415 52
3416 52
3417 52
3418 52
3419 52
3420 52
3421 52
3422 52
3423 52
3424 52
3425 52
3426 52
3427 52
3428 52
3429 52
3430 52
3431 52
3432 52
3433 52
3434 52
3435 52
3436 52
3437 52
3438 52
3439 52
3440 52
3441 52
3442 52
3443 52
3444 52
3445 52
3446 52
3447 52
3448 52
3449 52
3450 52
3451 52
3452 52
3453 52
3454 52
3455 52
3456 43
3457 43
3458 43
3459 43
3460 43
3461 43
3462 43
3463 43
3464 43
3465 43
3466 43
3467 43
3468 43
3469 43
3470 43
3471 43
3472 43
3473 43
3474 43
3475 43
3476 43
3477 43
3478 43
3479 43
3480 43
3481 43
3482 43
3483 43
3484 43
3485 43
3486 43
3487 43
3488 43
3489 43
3490 43
3491 43
3492 43
3493 43
3494 43
3495 43
3496 43
3497 43
3498 43
3499 43
3500 43
3501 43
3502 43
3503 43
3504 43
3505 43
3506 43
3507 43
3508 43
3509 43
3510 43
3511 43
3512 43
3513 43
3514 43
3515 43
3516 43
3517 43
3518 43
3519 43
3520 53
3521 53
3522 53
3523 53
3524 53
3525 53
3526 53
3527 53
3528 53
3529 53
3530 53
3531 53
3532 53
3533 53
3534 53
3535 53
3536 53
3537 53
3538 53
3539 53
3540 53
3541 53
3542 53
3543 53
3544 53
3545 53
3546 53
3547 53
3548 53
3549 53
3550 53
3551 53
3552 53
3553 53
3554 53
3555 53
3556 53
3557 53
3558 53
3559 53
3560 53
3561 53
3562 53
3563 53
3564 53
3565 53
3566 53
3567 53
3568 53
3569 53
3570 53
3571 53
3572 53
3573 53
3574 53
3575 53
3576 53
3577 53
3578 53
3579 53
3580 53
3581 53
3582 53
3583 53
3584 54
3585 54
3586 54
3587 54
3588 54
3589 54
3590 54
3591 54
3592 54
3593 54
3594 54
3595 54
3596 54
3597 54
3598 54
3599 54
3600 54
3601 54
3602 54
3603 54
3604 54
3605 54
3606 54
3607 54
3608 54
3609 54
3610 54
3611 54
3612 54
3613 54
3614 54
3615 54
3616 54
3617 54
3618 54
3619 54
3620 54
3621 54
3622 54
3623 54
3624 54
3625 54
3626 54
3627 54
3628 54
3629 54
3630 54
3631 54
3632 54
3633 54
3634 54
3635 54
3636 54
3637 54
3638 54
3639 54
3640 54
3641 54
3642 54
3643 54
3644 54
3645 54
3646 54
3647 54
3648 55
3649 55
3650 55
3651 55
3652 55
3653 55
3654 55
3655 55
3656 55
3657 55
3658 55
3659 55
3660 55
3661 55
3662 55
3663 55
3664 55
3665 55
3666 55
3667 55
3668 55
3669 55
3670 55
3671 55
3672 55
3673 55
3674 55
3675 55
3676 55
3677 55
3678 55
3679 55
3680 55
3681 55
3682 55
3683 55
3684 55
3685 55
3686 55
3687 55
3688 55
3689 55
3690 55
3691 55
3692 55
3693 55
3694 55
3695 55
3696 55
3697 55
3698 55
3699 55
3700 55
3701 55
3702 55
3703 55
3704 55
3705 55
3706 55
3707 55
3708 55
3709 55
3710 55
3711 55
3712 56
3713 56
3714 56
3715 56
3716 56
3717 56
3718 56
3719 56
3720 56
3721 56
3722 56
3723 56
3724 56
3725 56
3726 56
3727 56
3728 56
3729 56
3730 56
3731 56
3732 56
3733 56
3734 56
3735 56
3736 56
3737 56
3738 56
3739 56
3740 56
3741 56
3742 56
3743 56
3744 56
3745 56
3746 56
3747 56
3748 56
3749 56
3750 56
3751 56
3752 56
3753 56
3754 56
3755 56
3756 56
3757 56
3758 56
3759 56
3760 56
3761 56
3762 56
3763 56
3764 56
3765 56
3766 56
3767 56
3768 56
3769 56
3770 56
3771 56
3772 56
3773 56
3774 56
3775 56
3776 57
3777 57
3778 57
3779 57
3780 57
3781 57
3782 57
3783 57
3784 57
3785 57
3786 57
3787 57
3788 57
3789 57
3790 57
3791 57
3792 57
3793 57
3794 57
3795 57
3796 57
3797 57
3798 57
3799 57
3800 57
3801 57
3802 57
3803 57
3804 57
3805 57
3806 57
3807 57
3808 57
3809 57
3810 57
3811 57
3812 57
3813 57
3814 57
3815 57
3816 57
3817 57
3818 57
3819 57
3820 57
3821 57
3822 57
3823 57
3824 57
3825 57
3826 57
3827 57
3828 57
3829 57
3830 57
3831 57
3832 57
3833 57
3834 57
3835 57
3836 57
3837 57
3838 57
3839 57
3840 12
3841 12
3842 12
3843 12
3844 12
3845 12
3846 12
3847 12
3848 12
3849 12
3850 12
3851 12
3852 12
3853 12
3854 12
3855 12
3856 12
3857 12
3858 12
3859 12
3860 12
3861 12
3862 12
3863 12
3864 12
3865 12
3866 12
3867 12
3868 12
3869 12
3870 12
3871 12
3872 12
3873 12
3874 12
3875 12
3876 12
3877 12
3878 12
3879 12
3880 12
3881 12
3882 12
3883 12
3884 12
3885 12
3886 12
3887 12
3888 12
3889 12
3890 12
3891 12
3892 12
3893 12
3894 12
3895 12
3896 12
3897 12
3898 12
3899 12
3900 12
3901 12
3902 12
3903 12
3904 58
3905 58
3906 58
3907 58
3908 58
3909 58
3910 58
3911 58
3912 58
3913 58
3914 58
3915 58
3916 58
3917 58
3918 58
3919 58
3920 58
3921 58
3922 58
3923 58
3924 58
3925 58
3926 58
3927 58
3928 58
3929 58
3930 58
3931 58
3932 58
3933 58
3934 58
3935 58
3936 58
3937 58
3938 58
3939 58
3940 58
3941 58
3942 58
3943 58
3944 58
3945 58
3946 58
3947 58
3948 58
3949 58
3950 58
3951 58
3952 58
3953 58
3954 58
3955 58
3956 58
3957 58
3958 58
3959 58
3960 58
3961 58
3962 58
3963 58
3964 58
3965 58
3966 58
3967 58
3968 59
3969 59
3970 59
3971 59
3972 59
3973 59
3974 59
3975 59
3976 59
3977 59
3978 59
3979 59
3980 59
3981 59
3982 59
3983 59
3984 59
3985 59
3986 59
3987 59
3988 59
3989 59
3990 59
3991 59
3992 59
3993 59
3994 59
3995 59
3996 59
3997 59
3998 59
3999 59
4000 59
4001 59
4002 59
4003 59
4004 59
4005 59
4006 59
4007 59
4008 59
4009 59
4010 59
4011 59
4012 59
4013 59
4014 59
4015 59
4016 59
4017 59
4018 59
4019 59
4020 59
4021 59
4022 59
4023 59
4024 59
4025 59
4026 59
4027 59
4028 59
4029 59
4030 59
4031 59
4032 60
4033 60
4034 60
4035 60
4036 60
4037 60
4038 60
4039 60
4040 60
4041 60
4042 60
4043 60
4044 60
4045 60
4046 60
4047 60
4048 60
4049 60
4050 60
4051 60
4052 60
4053 60
4054 60
4055 60
4056 60
4057 60
4058 60
4059 60
4060 60
4061 60
4062 60
4063 60
4064 60
4065 60
4066 60
4067 60
4068 60
4069 60
4070 60
4071 60
4072 60
4073 60
4074 60
4075 60
4076 60
4077 60
4078 60
4079 60
4080 60
4081 60
4082 60
4083 60
4084 60
4085 60
4086 60
4087 60
4088 60
4089 60
4090 60
4091 60
4092 60
4093 60
4094 60
4095 60
4096 61
4097 61
4098 61
4099 61
4100 61
4101 61
4102 61
4103 61
4104 61
4105 61
4106 61
4107 61
4108 61
4109 61
4110 61
4111 61
4112 61
4113 61
4114 61
4115 61
4116 61
4117 61
4118 61
4119 61
4120 61
4121 61
4122 61
4123 61
4124 61
4125 61
4126 61
4127 61
4128 61
4129 61
4130 61
4131 61
4132 61
4133 61
4134 61
4135 61
4136 61
4137 61
4138 61
4139 61
4140 61
4141 61
4142 61
4143 61
4144 61
4145 61
4146 61
4147 61
4148 61
4149 61
4150 61
4151 61
4152 61
4153 61
4154 61
4155 61
4156 61
4157 61
4158 61
4159 61
4160 62
4161 62
4162 62
4163 62
4164 62
4165 62
4166 62
4167 62
4168 62
4169 62
4170 62
4171 62
4172 62
4173 62
4174 62
4175 62
4176 62
4177 62
4178 62
4179 62
4180 62
4181 62
4182 62
4183 62
4184 62
4185 62
4186 62
4187 62
4188 62
4189 62
4190 62
4191 62
4192 62
4193 62
4194 62
4195 62
4196 62
4197 62
4198 62
4199 62
4200 62
4201 62
4202 62
4203 62
4204 62
4205 62
4206 62
4207 62
4208 62
4209 62
4210 62
4211 62
4212 62
4213 62
4214 62
4215 62
4216 62
4217 62
4218 62
4219 62
4220 62
4221 62
4222 62
4223 62
4224 63
4225 63
4226 63
4227 63
4228 63
4229 63
4230 63
4231 63
4232 63
4233 63
4234 63
4235 63
4236 63
4237 63
4238 63
4239 63
4240 63
4241 63
4242 63
4243 63
4244 63
4245 63
4246 63
4247 63
4248 63
4249 63
4250 63
4251 63
4252 63
4253 63
4254 63
4255 63
4256 63
4257 63
4258 63
4259 63
4260 63
4261 63
4262 63
4263 63
4264 63
4265 63
4266 63
4267 63
4268 63
4269 63
4270 63
4271 63
4272 63
4273 63
4274 63
4275 63
4276 63
4277 63
4278 63
4279 63
4280 63
4281 63
4282 63
4283 63
4284 63
4285 63
4286 63
4287 63
4288 64
4289 64
4290 64
4291 64
4292 64
4293 64
4294 64
4295 64
4296 64
4297 64
4298 64
4299 64
4300 64
4301 64
4302 64
4303 64
4304 64
4305 64
4306 64
4307 64
4308 64
4309 64
4310 64
4311 64
4312 64
4313 64
4314 64
4315 64
4316 64
4317 64
4318 64
4319 64
4320 64
4321 64
4322 64
4323 64
4324 64
4325 64
4326 64
4327 64
4328 64
4329 64
4330 64
4331 64
4332 64
4333 64
4334 64
4335 64
4336 64
4337 64
4338 64
4339 64
4340 64
4341 64
4342 64
4343 64
4344 64
4345 64
4346 64
4347 64
4348 64
4349 64
4350 64
4351 64
4352 12
4353 12
4354 12
4355 12
4356 12
4357 12
4358 12
4359 12
4360 12
4361 12
4362 12
4363 12
4364 12
4365 12
4366 12
4367 12
4368 12
4369 12
4370 12
4371 12
4372 12
4373 12
4374 12
4375 12
4376 12
4377 12
4378 12
4379 12
4380 12
4381 12
4382 12
4383 12
4384 12
4385 12
4386 12
4387 12
4388 12
4389 12
4390 12
4391 12
4392 12
4393 12
4394 12
4395 12
4396 12
4397 12
4398 12
4399 12
4400 12
4401 12
4402 12
4403 12
4404 12
4405 12
4406 12
4407 12
4408 12
4409 12
4410 12
4411 12
4412 12
4413 12
4414 12
4415 12
4416 65
4417 65
4418 65
4419 65
4420 65
4421 65
4422 65
4423 65
4424 65
4425 65
4426 65
4427 65
4428 65
4429 65
4430 65
4431 65
4432 65
4433 65
4434 65
4435 65
4436 65
4437 65
4438 65
4439 65
4440 65
4441 65
4442 65
4443 65
4444 65
4445 65
4446 65
4447 65
4448 65
4449 65
4450 65
4451 65
4452 65
4453 65
4454 65
4455 65
4456 65
4457 65
4458 65
4459 65
4460 65
4461 65
4462 65
4463 65
4464 65
4465 65
4466 65
4467 65
4468 65
4469 65
4470 65
4471 65
4472 65
4473 65
4474 65
4475 65
4476 65
4477 65
4478 65
4479 65
4480 66
4481 66
4482 66
4483 66
4484 66
4485 66
4486 66
4487 66
4488 66
4489 66
4490 66
4491 66
4492 66
4493 66
4494 66
4495 66
4496 66
4497 66
4498 66
4499 66
4500 66
4501 66
4502 66
4503 66
4504 66
4505 66
4506 66
4507 66
4508 66
4509 66
4510 66
4511 66
4512 66
4513 66
4514 66
4515 66
4516 66
4517 66
4518 66
4519 66
4520 66
4521 66
4522 66
4523 66
4524 66
4525 66
4526 66
4527 66
4528 66
4529 66
4530 66
4531 66
4532 66
4533 66
4534 66
4535 66
4536 66
4537 66
4538 66
4539 66
4540 66
4541 66
4542 66
4543 66
