0 0
1 0
2 0
3 0
4 0
5 0
6 0
7 0
8 0
9 0
10 0
11 0
12 0
13 0
14 0
15 0
16 0
17 0
18 0
19 0
20 0
21 0
22 0
23 0
24 0
25 0
26 0
27 0
28 0
29 0
30 0
31 0
32 0
33 0
34 0
35 0
36 0
37 0
38 0
39 0
40 0
41 0
42 0
43 0
44 0
45 0
46 0
47 0
48 0
49 0
50 0
51 0
52 0
53 0
54 0
55 0
56 0
57 0
58 0
59 0
60 0
61 0
62 0
63 0
64 1
65 1
66 1
67 1
68 1
69 1
70 1
71 1
72 1
73 1
74 1
75 1
76 1
77 1
78 1
79 1
80 1
81 1
82 1
83 1
84 1
85 1
86 1
87 1
88 1
89 1
90 1
91 1
92 1
93 1
94 1
95 1
96 1
97 1
98 1
99 1
100 1
101 1
102 1
103 1
104 1
105 1
106 1
107 1
108 1
109 1
110 1
111 1
112 1
113 1
114 1
115 1
116 1
117 1
118 1
119 1
120 1
121 1
122 1
123 1
124 1
125 1
126 1
127 1
128 2
129 2
130 2
131 2
132 2
133 2
134 2
135 2
136 2
137 2
138 2
139 2
140 2
141 2
142 2
143 2
144 2
145 2
146 2
147 2
148 2
149 2
150 2
151 2
152 2
153 2
154 2
155 2
156 2
157 2
158 2
159 2
160 2
161 2
162 2
163 2
164 2
165 2
166 2
167 2
168 2
169 2
170 2
171 2
172 2
173 2
174 2
175 2
176 2
177 2
178 2
179 2
180 2
181 2
182 2
183 2
184 2
185 2
186 2
187 2
188 2
189 2
190 2
191 2
192 3
193 3
194 3
195 3
196 3
197 3
198 3
199 3
200 3
201 3
202 3
203 3
204 3
205 3
206 3
207 3
208 3
209 3
210 3
211 3
212 3
213 3
214 3
215 3
216 3
217 3
218 3
219 3
220 3
221 3
222 3
223 3
224 3
225 3
226 3
227 3
228 3
229 3
230 3
231 3
232 3
233 3
234 3
235 3
236 3
237 3
238 3
239 3
240 3
241 3
242 3
243 3
244 3
245 3
246 3
247 3
248 3
249 3
250 3
251 3
252 3
253 3
254 3
255 3
256 4
257 4
258 4
259 4
260 4
261 4
262 4
263 4
264 4
265 4
266 4
267 4
268 4
269 4
270 4
271 4
272 4
273 4
274 4
275 4
276 4
277 4
278 4
279 4
280 4
281 4
282 4
283 4
284 4
285 4
286 4
287 4
288 4
289 4
290 4
291 4
292 4
293 4
294 4
295 4
296 4
297 4
298 4
299 4
300 4
301 4
302 4
303 4
304 4
305 4
306 4
307 4
308 4
309 4
310 4
311 4
312 4
313 4
314 4
315 4
316 4
317 4
318 4
319 4
320 5
321 5
322 5
323 5
324 5
325 5
326 5
327 5
328 5
329 5
330 5
331 5
332 5
333 5
334 5
335 5
336 5
337 5
338 5
339 5
340 5
341 5
342 5
343 5
344 5
345 5
346 5
347 5
348 5
349 5
350 5
351 5
352 5
353 5
354 5
355 5
356 5
357 5
358 5
359 5
360 5
361 5
362 5
363 5
364 5
365 5
366 5
367 5
368 5
369 5
370 5
371 5
372 5
373 5
374 5
375 5
376 5
377 5
378 5
379 5
380 5
381 5
382 5
383 5
384 6
385 6
386 6
387 6
388 6
389 6
390 6
391 6
392 6
393 6
394 6
395 6
396 6
397 6
398 6
399 6
400 6
401 6
402 6
403 6
404 6
405 6
406 6
407 6
408 6
409 6
410 6
411 6
412 6
413 6
414 6
415 6
416 6
417 6
418 6
419 6
420 6
421 6
422 6
423 6
424 6
425 6
426 6
427 6
428 6
429 6
430 6
431 6
432 6
433 6
434 6
435 6
436 6
437 6
438 6
439 6
440 6
441 6
442 6
443 6
444 6
445 6
446 6
447 6
448 7
449 7
450 7
451 7
452 7
453 7
454 7
455 7
456 7
457 7
458 7
459 7
460 7
461 7
462 7
463 7
464 7
465 7
466 7
467 7
468 7
469 7
470 7
471 7
472 7
473 7
474 7
475 7
476 7
477 7
478 7
479 7
480 7
481 7
482 7
483 7
484 7
485 7
486 7
487 7
488 7
489 7
490 7
491 7
492 7
493 7
494 7
495 7
496 7
497 7
498 7
499 7
500 7
501 7
502 7
503 7
504 7
505 7
506 7
507 7
508 7
509 7
510 7
511 7
512 8
513 8
514 8
515 8
516 8
517 8
518 8
519 8
520 8
521 8
522 8
523 8
524 8
525 8
526 8
527 8
528 8
529 8
530 8
531 8
532 8
533 8
534 8
535 8
536 8
537 8
538 8
539 8
540 8
541 8
542 8
543 8
544 8
545 8
546 8
547 8
548 8
549 8
550 8
551 8
552 8
553 8
554 8
555 8
556 8
557 8
558 8
559 8
560 8
561 8
562 8
563 8
564 8
565 8
566 8
567 8
568 8
569 8
570 8
571 8
572 8
573 8
574 8
575 8
576 9
577 9
578 9
579 9
580 9
581 9
582 9
583 9
584 9
585 9
586 9
587 9
588 9
589 9
590 9
591 9
592 9
593 9
594 9
595 9
596 9
597 9
598 9
599 9
600 9
601 9
602 9
603 9
604 9
605 9
606 9
607 9
608 9
609 9
610 9
611 9
612 9
613 9
614 9
615 9
616 9
617 9
618 9
619 9
620 9
621 9
622 9
623 9
624 9
625 9
626 9
627 9
628 9
629 9
630 9
631 9
632 9
633 9
634 9
635 9
636 9
637 9
638 9
639 9
640 10
641 10
642 10
643 10
644 10
645 10
646 10
647 10
648 10
649 10
650 10
651 10
652 10
653 10
654 10
655 10
656 10
657 10
658 10
659 10
660 10
661 10
662 10
663 10
664 10
665 10
666 10
667 10
668 10
669 10
670 10
671 10
672 10
673 10
674 10
675 10
676 10
677 10
678 10
679 10
680 10
681 10
682 10
683 10
684 10
685 10
686 10
687 10
688 10
689 10
690 10
691 10
692 10
693 10
694 10
695 10
696 10
697 10
698 10
699 10
700 10
701 10
702 10
703 10
704 11
705 11
706 11
707 11
708 11
709 11
710 11
711 11
712 11
713 11
714 11
715 11
716 11
717 11
718 11
719 11
720 11
721 11
722 11
723 11
724 11
725 11
726 11
727 11
728 11
729 11
730 11
731 11
732 11
733 11
734 11
735 11
736 11
737 11
738 11
739 11
740 11
741 11
742 11
743 11
744 11
745 11
746 11
747 11
748 11
749 11
750 11
751 11
752 11
753 11
754 11
755 11
756 11
757 11
758 11
759 11
760 11
761 11
762 11
763 11
764 11
765 11
766 11
767 11
768 12
769 12
770 12
771 12
772 12
773 12
774 12
775 12
776 12
777 12
778 12
779 12
780 12
781 12
782 12
783 12
784 12
785 12
786 12
787 12
788 12
789 12
790 12
791 12
792 12
793 12
794 12
795 12
796 12
797 12
798 12
799 12
800 12
801 12
802 12
803 12
804 12
805 12
806 12
807 12
808 12
809 12
810 12
811 12
812 12
813 12
814 12
815 12
816 12
817 12
818 12
819 12
820 12
821 12
822 12
823 12
824 12
825 12
826 12
827 12
828 12
829 12
830 12
831 12
832 13
833 13
834 13
835 13
836 13
837 13
838 13
839 13
840 13
841 13
842 13
843 13
844 13
845 13
846 13
847 13
848 13
849 13
850 13
851 13
852 13
853 13
854 13
855 13
856 13
857 13
858 13
859 13
860 13
861 13
862 13
863 13
864 13
865 13
866 13
867 13
868 13
869 13
870 13
871 13
872 13
873 13
874 13
875 13
876 13
877 13
878 13
879 13
880 13
881 13
882 13
883 13
884 13
885 13
886 13
887 13
888 13
889 13
890 13
891 13
892 13
893 13
894 13
895 13
896 14
897 14
898 14
899 14
900 14
901 14
902 14
903 14
904 14
905 14
906 14
907 14
908 14
909 14
910 14
911 14
912 14
913 14
914 14
915 14
916 14
917 14
918 14
919 14
920 14
921 14
922 14
923 14
924 14
925 14
926 14
927 14
928 14
929 14
930 14
931 14
932 14
933 14
934 14
935 14
936 14
937 14
938 14
939 14
940 14
941 14
942 14
943 14
944 14
945 14
946 14
947 14
948 14
949 14
950 14
951 14
952 14
953 14
954 14
955 14
956 14
957 14
958 14
959 14
960 15
961 15
962 15
963 15
964 15
965 15
966 15
967 15
968 15
969 15
970 15
971 15
972 15
973 15
974 15
975 15
976 15
977 15
978 15
979 15
980 15
981 15
982 15
983 15
984 15
985 15
986 15
987 15
988 15
989 15
990 15
991 15
992 15
993 15
994 15
995 15
996 15
997 15
998 15
999 15
1000 15
1001 15
1002 15
1003 15
1004 15
1005 15
1006 15
1007 15
1008 15
1009 15
1010 15
1011 15
1012 15
1013 15
1014 15
1015 15
1016 15
1017 15
1018 15
1019 15
1020 15
1021 15
1022 15
1023 15
1024 16
1025 16
1026 16
1027 16
1028 16
1029 16
1030 16
1031 16
1032 16
1033 16
1034 16
1035 16
1036 16
1037 16
1038 16
1039 16
1040 16
1041 16
1042 16
1043 16
1044 16
1045 16
1046 16
1047 16
1048 16
1049 16
1050 16
1051 16
1052 16
1053 16
1054 16
1055 16
1056 16
1057 16
1058 16
1059 16
1060 16
1061 16
1062 16
1063 16
1064 16
1065 16
1066 16
1067 16
1068 16
1069 16
1070 16
1071 16
1072 16
1073 16
1074 16
1075 16
1076 16
1077 16
1078 16
1079 16
1080 16
1081 16
1082 16
1083 16
1084 16
1085 16
1086 16
1087 16
1088 17
1089 17
1090 17
1091 17
1092 17
1093 17
1094 17
1095 17
1096 17
1097 17
1098 17
1099 17
1100 17
1101 17
1102 17
1103 17
1104 17
1105 17
1106 17
1107 17
1108 17
1109 17
1110 17
1111 17
1112 17
1113 17
1114 17
1115 17
1116 17
1117 17
1118 17
1119 17
1120 17
1121 17
1122 17
1123 17
1124 17
1125 17
1126 17
1127 17
1128 17
1129 17
1130 17
1131 17
1132 17
1133 17
1134 17
1135 17
1136 17
1137 17
1138 17
1139 17
1140 17
1141 17
1142 17
1143 17
1144 17
1145 17
1146 17
1147 17
1148 17
1149 17
1150 17
1151 17
1152 18
1153 18
1154 18
1155 18
1156 18
1157 18
1158 18
1159 18
1160 18
1161 18
1162 18
1163 18
1164 18
1165 18
1166 18
1167 18
1168 18
1169 18
1170 18
1171 18
1172 18
1173 18
1174 18
1175 18
1176 18
1177 18
1178 18
1179 18
1180 18
1181 18
1182 18
1183 18
1184 18
1185 18
1186 18
1187 18
1188 18
1189 18
1190 18
1191 18
1192 18
1193 18
1194 18
1195 18
1196 18
1197 18
1198 18
1199 18
1200 18
1201 18
1202 18
1203 18
1204 18
1205 18
1206 18
1207 18
1208 18
1209 18
1210 18
1211 18
1212 18
1213 18
1214 18
1215 18
1216 19
1217 19
1218 19
1219 19
1220 19
1221 19
1222 19
1223 19
1224 19
1225 19
1226 19
1227 19
1228 19
1229 19
1230 19
1231 19
1232 19
1233 19
1234 19
1235 19
1236 19
1237 19
1238 19
1239 19
1240 19
1241 19
1242 19
1243 19
1244 19
1245 19
1246 19
1247 19
1248 19
1249 19
1250 19
1251 19
1252 19
1253 19
1254 19
1255 19
1256 19
1257 19
1258 19
1259 19
1260 19
1261 19
1262 19
1263 19
1264 19
1265 19
1266 19
1267 19
1268 19
1269 19
1270 19
1271 19
1272 19
1273 19
1274 19
1275 19
1276 19
1277 19
1278 19
1279 19
1280 20
1281 20
1282 20
1283 20
1284 20
1285 20
1286 20
1287 20
1288 20
1289 20
1290 20
1291 20
1292 20
1293 20
1294 20
1295 20
1296 20
1297 20
1298 20
1299 20
1300 20
1301 20
1302 20
1303 20
1304 20
1305 20
1306 20
1307 20
1308 20
1309 20
1310 20
1311 20
1312 20
1313 20
1314 20
1315 20
1316 20
1317 20
1318 20
1319 20
1320 20
1321 20
1322 20
1323 20
1324 20
1325 20
1326 20
1327 20
1328 20
1329 20
1330 20
1331 20
1332 20
1333 20
1334 20
1335 20
1336 20
1337 20
1338 20
1339 20
1340 20
1341 20
1342 20
1343 20
1344 18
1345 18
1346 18
1347 18
1348 18
1349 18
1350 18
1351 18
1352 18
1353 18
1354 18
1355 18
1356 18
1357 18
1358 18
1359 18
1360 18
1361 18
1362 18
1363 18
1364 18
1365 18
1366 18
1367 18
1368 18
1369 18
1370 18
1371 18
1372 18
1373 18
1374 18
1375 18
1376 18
1377 18
1378 18
1379 18
1380 18
1381 18
1382 18
1383 18
1384 18
1385 18
1386 18
1387 18
1388 18
1389 18
1390 18
1391 18
1392 18
1393 18
1394 18
1395 18
1396 18
1397 18
1398 18
1399 18
1400 18
1401 18
1402 18
1403 18
1404 18
1405 18
1406 18
1407 18
1408 21
1409 21
1410 21
1411 21
1412 21
1413 21
1414 21
1415 21
1416 21
1417 21
1418 21
1419 21
1420 21
1421 21
1422 21
1423 21
1424 21
1425 21
1426 21
1427 21
1428 21
1429 21
1430 21
1431 21
1432 21
1433 21
1434 21
1435 21
1436 21
1437 21
1438 21
1439 21
1440 21
1441 21
1442 21
1443 21
1444 21
1445 21
1446 21
1447 21
1448 21
1449 21
1450 21
1451 21
1452 21
1453 21
1454 21
1455 21
1456 21
1457 21
1458 21
1459 21
1460 21
1461 21
1462 21
1463 21
1464 21
1465 21
1466 21
1467 21
1468 21
1469 21
1470 21
1471 21
1472 18
1473 18
1474 18
1475 18
1476 18
1477 18
1478 18
1479 18
1480 18
1481 18
1482 18
1483 18
1484 18
1485 18
1486 18
1487 18
1488 18
1489 18
1490 18
1491 18
1492 18
1493 18
1494 18
1495 18
1496 18
1497 18
1498 18
1499 18
1500 18
1501 18
1502 18
1503 18
1504 18
1505 18
1506 18
1507 18
1508 18
1509 18
1510 18
1511 18
1512 18
1513 18
1514 18
1515 18
1516 18
1517 18
1518 18
1519 18
1520 18
1521 18
1522 18
1523 18
1524 18
1525 18
1526 18
1527 18
1528 18
1529 18
1530 18
1531 18
1532 18
1533 18
1534 18
1535 18
1536 22
1537 22
1538 22
1539 22
1540 22
1541 22
1542 22
1543 22
1544 22
1545 22
1546 22
1547 22
1548 22
1549 22
1550 22
1551 22
1552 22
1553 22
1554 22
1555 22
1556 22
1557 22
1558 22
1559 22
1560 22
1561 22
1562 22
1563 22
1564 22
1565 22
1566 22
1567 22
1568 22
1569 22
1570 22
1571 22
1572 22
1573 22
1574 22
1575 22
1576 22
1577 22
1578 22
1579 22
1580 22
1581 22
1582 22
1583 22
1584 22
1585 22
1586 22
1587 22
1588 22
1589 22
1590 22
1591 22
1592 22
1593 22
1594 22
1595 22
1596 22
1597 22
1598 22
1599 22
1600 23
1601 23
1602 23
1603 23
1604 23
1605 23
1606 23
1607 23
1608 23
1609 23
1610 23
1611 23
1612 23
1613 23
1614 23
1615 23
1616 23
1617 23
1618 23
1619 23
1620 23
1621 23
1622 23
1623 23
1624 23
1625 23
1626 23
1627 23
1628 23
1629 23
1630 23
1631 23
1632 23
1633 23
1634 23
1635 23
1636 23
1637 23
1638 23
1639 23
1640 23
1641 23
1642 23
1643 23
1644 23
1645 23
1646 23
1647 23
1648 23
1649 23
1650 23
1651 23
1652 23
1653 23
1654 23
1655 23
1656 23
1657 23
1658 23
1659 23
1660 23
1661 23
1662 23
1663 23
1664 18
1665 18
1666 18
1667 18
1668 18
1669 18
1670 18
1671 18
1672 18
1673 18
1674 18
1675 18
1676 18
1677 18
1678 18
1679 18
1680 18
1681 18
1682 18
1683 18
1684 18
1685 18
1686 18
1687 18
1688 18
1689 18
1690 18
1691 18
1692 18
1693 18
1694 18
1695 18
1696 18
1697 18
1698 18
1699 18
1700 18
1701 18
1702 18
1703 18
1704 18
1705 18
1706 18
1707 18
1708 18
1709 18
1710 18
1711 18
1712 18
1713 18
1714 18
1715 18
1716 18
1717 18
1718 18
1719 18
1720 18
1721 18
1722 18
1723 18
1724 18
1725 18
1726 18
1727 18
1728 24
1729 24
1730 24
1731 24
1732 24
1733 24
1734 24
1735 24
1736 24
1737 24
1738 24
1739 24
1740 24
1741 24
1742 24
1743 24
1744 24
1745 24
1746 24
1747 24
1748 24
1749 24
1750 24
1751 24
1752 24
1753 24
1754 24
1755 24
1756 24
1757 24
1758 24
1759 24
1760 24
1761 24
1762 24
1763 24
1764 24
1765 24
1766 24
1767 24
1768 24
1769 24
1770 24
1771 24
1772 24
1773 24
1774 24
1775 24
1776 24
1777 24
1778 24
1779 24
1780 24
1781 24
1782 24
1783 24
1784 24
1785 24
1786 24
1787 24
1788 24
1789 24
1790 24
1791 24
1792 25
1793 25
1794 25
1795 25
1796 25
1797 25
1798 25
1799 25
1800 25
1801 25
1802 25
1803 25
1804 25
1805 25
1806 25
1807 25
1808 25
1809 25
1810 25
1811 25
1812 25
1813 25
1814 25
1815 25
1816 25
1817 25
1818 25
1819 25
1820 25
1821 25
1822 25
1823 25
1824 25
1825 25
1826 25
1827 25
1828 25
1829 25
1830 25
1831 25
1832 25
1833 25
1834 25
1835 25
1836 25
1837 25
1838 25
1839 25
1840 25
1841 25
1842 25
1843 25
1844 25
1845 25
1846 25
1847 25
1848 25
1849 25
1850 25
1851 25
1852 25
1853 25
1854 25
1855 25
1856 26
1857 26
1858 26
1859 26
1860 26
1861 26
1862 26
1863 26
1864 26
1865 26
1866 26
1867 26
1868 26
1869 26
1870 26
1871 26
1872 26
1873 26
1874 26
1875 26
1876 26
1877 26
1878 26
1879 26
1880 26
1881 26
1882 26
1883 26
1884 26
1885 26
1886 26
1887 26
1888 26
1889 26
1890 26
1891 26
1892 26
1893 26
1894 26
1895 26
1896 26
1897 26
1898 26
1899 26
1900 26
1901 26
1902 26
1903 26
1904 26
1905 26
1906 26
1907 26
1908 26
1909 26
1910 26
1911 26
1912 26
1913 26
1914 26
1915 26
1916 26
1917 26
1918 26
1919 26
1920 27
1921 27
1922 27
1923 27
1924 27
1925 27
1926 27
1927 27
1928 27
1929 27
1930 27
1931 27
1932 27
1933 27
1934 27
1935 27
1936 27
1937 27
1938 27
1939 27
1940 27
1941 27
1942 27
1943 27
1944 27
1945 27
1946 27
1947 27
1948 27
1949 27
1950 27
1951 27
1952 27
1953 27
1954 27
1955 27
1956 27
1957 27
1958 27
1959 27
1960 27
1961 27
1962 27
1963 27
1964 27
1965 27
1966 27
1967 27
1968 27
1969 27
1970 27
1971 27
1972 27
1973 27
1974 27
1975 27
1976 27
1977 27
1978 27
1979 27
1980 27
1981 27
1982 27
1983 27
1984 28
1985 28
1986 28
1987 28
1988 28
1989 28
1990 28
1991 28
1992 28
1993 28
1994 28
1995 28
1996 28
1997 28
1998 28
1999 28
2000 28
2001 28
2002 28
2003 28
2004 28
2005 28
2006 28
2007 28
2008 28
2009 28
2010 28
2011 28
2012 28
2013 28
2014 28
2015 28
2016 28
2017 28
2018 28
2019 28
2020 28
2021 28
2022 28
2023 28
2024 28
2025 28
2026 28
2027 28
2028 28
2029 28
2030 28
2031 28
2032 28
2033 28
2034 28
2035 28
2036 28
2037 28
2038 28
2039 28
2040 28
2041 28
2042 28
2043 28
2044 28
2045 28
2046 28
2047 28
2048 29
2049 29
2050 29
2051 29
2052 29
2053 29
2054 29
2055 29
2056 29
2057 29
2058 29
2059 29
2060 29
2061 29
2062 29
2063 29
2064 29
2065 29
2066 29
2067 29
2068 29
2069 29
2070 29
2071 29
2072 29
2073 29
2074 29
2075 29
2076 29
2077 29
2078 29
2079 29
2080 29
2081 29
2082 29
2083 29
2084 29
2085 29
2086 29
2087 29
2088 29
2089 29
2090 29
2091 29
2092 29
2093 29
2094 29
2095 29
2096 29
2097 29
2098 29
2099 29
2100 29
2101 29
2102 29
2103 29
2104 29
2105 29
2106 29
2107 29
2108 29
2109 29
2110 29
2111 29
2112 30
2113 30
2114 30
2115 30
2116 30
2117 30
2118 30
2119 30
2120 30
2121 30
2122 30
2123 30
2124 30
2125 30
2126 30
2127 30
2128 30
2129 30
2130 30
2131 30
2132 30
2133 30
2134 30
2135 30
2136 30
2137 30
2138 30
2139 30
2140 30
2141 30
2142 30
2143 30
2144 30
2145 30
2146 30
2147 30
2148 30
2149 30
2150 30
2151 30
2152 30
2153 30
2154 30
2155 30
2156 30
2157 30
2158 30
2159 30
2160 30
2161 30
2162 30
2163 30
2164 30
2165 30
2166 30
2167 30
2168 30
2169 30
2170 30
2171 30
2172 30
2173 30
2174 30
2175 30
2176 28
2177 28
2178 28
2179 28
2180 28
2181 28
2182 28
2183 28
2184 28
2185 28
2186 28
2187 28
2188 28
2189 28
2190 28
2191 28
2192 28
2193 28
2194 28
2195 28
2196 28
2197 28
2198 28
2199 28
2200 28
2201 28
2202 28
2203 28
2204 28
2205 28
2206 28
2207 28
2208 28
2209 28
2210 28
2211 28
2212 28
2213 28
2214 28
2215 28
2216 28
2217 28
2218 28
2219 28
2220 28
2221 28
2222 28
2223 28
2224 28
2225 28
2226 28
2227 28
2228 28
2229 28
2230 28
2231 28
2232 28
2233 28
2234 28
2235 28
2236 28
2237 28
2238 28
2239 28
2240 31
2241 31
2242 31
2243 31
2244 31
2245 31
2246 31
2247 31
2248 31
2249 31
2250 31
2251 31
2252 31
2253 31
2254 31
2255 31
2256 31
2257 31
2258 31
2259 31
2260 31
2261 31
2262 31
2263 31
2264 31
2265 31
2266 31
2267 31
2268 31
2269 31
2270 31
2271 31
2272 31
2273 31
2274 31
2275 31
2276 31
2277 31
2278 31
2279 31
2280 31
2281 31
2282 31
2283 31
2284 31
2285 31
2286 31
2287 31
2288 31
2289 31
2290 31
2291 31
2292 31
2293 31
2294 31
2295 31
2296 31
2297 31
2298 31
2299 31
2300 31
2301 31
2302 31
2303 31
2304 28
2305 28
2306 28
2307 28
2308 28
2309 28
2310 28
2311 28
2312 28
2313 28
2314 28
2315 28
2316 28
2317 28
2318 28
2319 28
2320 28
2321 28
2322 28
2323 28
2324 28
2325 28
2326 28
2327 28
2328 28
2329 28
2330 28
2331 28
2332 28
2333 28
2334 28
2335 28
2336 28
2337 28
2338 28
2339 28
2340 28
2341 28
2342 28
2343 28
2344 28
2345 28
2346 28
2347 28
2348 28
2349 28
2350 28
2351 28
2352 28
2353 28
2354 28
2355 28
2356 28
2357 28
2358 28
2359 28
2360 28
2361 28
2362 28
2363 28
2364 28
2365 28
2366 28
2367 28
2368 32
2369 32
2370 32
2371 32
2372 32
2373 32
2374 32
2375 32
2376 32
2377 32
2378 32
2379 32
2380 32
2381 32
2382 32
2383 32
2384 32
2385 32
2386 32
2387 32
2388 32
2389 32
2390 32
2391 32
2392 32
2393 32
2394 32
2395 32
2396 32
2397 32
2398 32
2399 32
2400 32
2401 32
2402 32
2403 32
2404 32
2405 32
2406 32
2407 32
2408 32
2409 32
2410 32
2411 32
2412 32
2413 32
2414 32
2415 32
2416 32
2417 32
2418 32
2419 32
2420 32
2421 32
2422 32
2423 32
2424 32
2425 32
2426 32
2427 32
2428 32
2429 32
2430 32
2431 32
2432 33
2433 33
2434 33
2435 33
2436 33
2437 33
2438 33
2439 33
2440 33
2441 33
2442 33
2443 33
2444 33
2445 33
2446 33
2447 33
2448 33
2449 33
2450 33
2451 33
2452 33
2453 33
2454 33
2455 33
2456 33
2457 33
2458 33
2459 33
2460 33
2461 33
2462 33
2463 33
2464 33
2465 33
2466 33
2467 33
2468 33
2469 33
2470 33
2471 33
2472 33
2473 33
2474 33
2475 33
2476 33
2477 33
2478 33
2479 33
2480 33
2481 33
2482 33
2483 33
2484 33
2485 33
2486 33
2487 33
2488 33
2489 33
2490 33
2491 33
2492 33
2493 33
2494 33
2495 33
2496 34
2497 34
2498 34
2499 34
2500 34
2501 34
2502 34
2503 34
2504 34
2505 34
2506 34
2507 34
2508 34
2509 34
2510 34
2511 34
2512 34
2513 34
2514 34
2515 34
2516 34
2517 34
2518 34
2519 34
2520 34
2521 34
2522 34
2523 34
2524 34
2525 34
2526 34
2527 34
2528 34
2529 34
2530 34
2531 34
2532 34
2533 34
2534 34
2535 34
2536 34
2537 34
2538 34
2539 34
2540 34
2541 34
2542 34
2543 34
2544 34
2545 34
2546 34
2547 34
2548 34
2549 34
2550 34
2551 34
2552 34
2553 34
2554 34
2555 34
2556 34
2557 34
2558 34
2559 34
2560 35
2561 35
2562 35
2563 35
2564 35
2565 35
2566 35
2567 35
2568 35
2569 35
2570 35
2571 35
2572 35
2573 35
2574 35
2575 35
2576 35
2577 35
2578 35
2579 35
2580 35
2581 35
2582 35
2583 35
2584 35
2585 35
2586 35
2587 35
2588 35
2589 35
2590 35
2591 35
2592 35
2593 35
2594 35
2595 35
2596 35
2597 35
2598 35
2599 35
2600 35
2601 35
2602 35
2603 35
2604 35
2605 35
2606 35
2607 35
2608 35
2609 35
2610 35
2611 35
2612 35
2613 35
2614 35
2615 35
2616 35
2617 35
2618 35
2619 35
2620 35
2621 35
2622 35
2623 35
2624 36
2625 36
2626 36
2627 36
2628 36
2629 36
2630 36
2631 36
2632 36
2633 36
2634 36
2635 36
2636 36
2637 36
2638 36
2639 36
2640 36
2641 36
2642 36
2643 36
2644 36
2645 36
2646 36
2647 36
2648 36
2649 36
2650 36
2651 36
2652 36
2653 36
2654 36
2655 36
2656 36
2657 36
2658 36
2659 36
2660 36
2661 36
2662 36
2663 36
2664 36
2665 36
2666 36
2667 36
2668 36
2669 36
2670 36
2671 36
2672 36
2673 36
2674 36
2675 36
2676 36
2677 36
2678 36
2679 36
2680 36
2681 36
2682 36
2683 36
2684 36
2685 36
2686 36
2687 36
2688 37
2689 37
2690 37
2691 37
2692 37
2693 37
2694 37
2695 37
2696 37
2697 37
2698 37
2699 37
2700 37
2701 37
2702 37
2703 37
2704 37
2705 37
2706 37
2707 37
2708 37
2709 37
2710 37
2711 37
2712 37
2713 37
2714 37
2715 37
2716 37
2717 37
2718 37
2719 37
2720 37
2721 37
2722 37
2723 37
2724 37
2725 37
2726 37
2727 37
2728 37
2729 37
2730 37
2731 37
2732 37
2733 37
2734 37
2735 37
2736 37
2737 37
2738 37
2739 37
2740 37
2741 37
2742 37
2743 37
2744 37
2745 37
2746 37
2747 37
2748 37
2749 37
2750 37
2751 37
2752 38
2753 38
2754 38
2755 38
2756 38
2757 38
2758 38
2759 38
2760 38
2761 38
2762 38
2763 38
2764 38
2765 38
2766 38
2767 38
2768 38
2769 38
2770 38
2771 38
2772 38
2773 38
2774 38
2775 38
2776 38
2777 38
2778 38
2779 38
2780 38
2781 38
2782 38
2783 38
2784 38
2785 38
2786 38
2787 38
2788 38
2789 38
2790 38
2791 38
2792 38
2793 38
2794 38
2795 38
2796 38
2797 38
2798 38
2799 38
2800 38
2801 38
2802 38
2803 38
2804 38
2805 38
2806 38
2807 38
2808 38
2809 38
2810 38
2811 38
2812 38
2813 38
2814 38
2815 38
2816 39
2817 39
2818 39
2819 39
2820 39
2821 39
2822 39
2823 39
2824 39
2825 39
2826 39
2827 39
2828 39
2829 39
2830 39
2831 39
2832 39
2833 39
2834 39
2835 39
2836 39
2837 39
2838 39
2839 39
2840 39
2841 39
2842 39
2843 39
2844 39
2845 39
2846 39
2847 39
2848 39
2849 39
2850 39
2851 39
2852 39
2853 39
2854 39
2855 39
2856 39
2857 39
2858 39
2859 39
2860 39
2861 39
2862 39
2863 39
2864 39
2865 39
2866 39
2867 39
2868 39
2869 39
2870 39
2871 39
2872 39
2873 39
2874 39
2875 39
2876 39
2877 39
2878 39
2879 39
2880 40
2881 40
2882 40
2883 40
2884 40
2885 40
2886 40
2887 40
2888 40
2889 40
2890 40
2891 40
2892 40
2893 40
2894 40
2895 40
2896 40
2897 40
2898 40
2899 40
2900 40
2901 40
2902 40
2903 40
2904 40
2905 40
2906 40
2907 40
2908 40
2909 40
2910 40
2911 40
2912 40
2913 40
2914 40
2915 40
2916 40
2917 40
2918 40
2919 40
2920 40
2921 40
2922 40
2923 40
2924 40
2925 40
2926 40
2927 40
2928 40
2929 40
2930 40
2931 40
2932 40
2933 40
2934 40
2935 40
2936 40
2937 40
2938 40
2939 40
2940 40
2941 40
2942 40
2943 40
2944 41
2945 41
2946 41
2947 41
2948 41
2949 41
2950 41
2951 41
2952 41
2953 41
2954 41
2955 41
2956 41
2957 41
2958 41
2959 41
2960 41
2961 41
2962 41
2963 41
2964 41
2965 41
2966 41
2967 41
2968 41
2969 41
2970 41
2971 41
2972 41
2973 41
2974 41
2975 41
2976 41
2977 41
2978 41
2979 41
2980 41
2981 41
2982 41
2983 41
2984 41
2985 41
2986 41
2987 41
2988 41
2989 41
2990 41
2991 41
2992 41
2993 41
2994 41
2995 41
2996 41
2997 41
2998 41
2999 41
3000 41
3001 41
3002 41
3003 41
3004 41
3005 41
3006 41
3007 41
3008 42
3009 42
3010 42
3011 42
3012 42
3013 42
3014 42
3015 42
3016 42
3017 42
3018 42
3019 42
3020 42
3021 42
3022 42
3023 42
3024 42
3025 42
3026 42
3027 42
3028 42
3029 42
3030 42
3031 42
3032 42
3033 42
3034 42
3035 42
3036 42
3037 42
3038 42
3039 42
3040 42
3041 42
3042 42
3043 42
3044 42
3045 42
3046 42
3047 42
3048 42
3049 42
3050 42
3051 42
3052 42
3053 42
3054 42
3055 42
3056 42
3057 42
3058 42
3059 42
3060 42
3061 42
3062 42
3063 42
3064 42
3065 42
3066 42
3067 42
3068 42
3069 42
3070 42
3071 42
3072 43
3073 43
3074 43
3075 43
3076 43
3077 43
3078 43
3079 43
3080 43
3081 43
3082 43
3083 43
3084 43
3085 43
3086 43
3087 43
3088 43
3089 43
3090 43
3091 43
3092 43
3093 43
3094 43
3095 43
3096 43
3097 43
3098 43
3099 43
3100 43
3101 43
3102 43
3103 43
3104 43
3105 43
3106 43
3107 43
3108 43
3109 43
3110 43
3111 43
3112 43
3113 43
3114 43
3115 43
3116 43
3117 43
3118 43
3119 43
3120 43
3121 43
3122 43
3123 43
3124 43
3125 43
3126 43
3127 43
3128 43
3129 43
3130 43
3131 43
3132 43
3133 43
3134 43
3135 43
3136 44
3137 44
3138 44
3139 44
3140 44
3141 44
3142 44
3143 44
3144 44
3145 44
3146 44
3147 44
3148 44
3149 44
3150 44
3151 44
3152 44
3153 44
3154 44
3155 44
3156 44
3157 44
3158 44
3159 44
3160 44
3161 44
3162 44
3163 44
3164 44
3165 44
3166 44
3167 44
3168 44
3169 44
3170 44
3171 44
3172 44
3173 44
3174 44
3175 44
3176 44
3177 44
3178 44
3179 44
3180 44
3181 44
3182 44
3183 44
3184 44
3185 44
3186 44
3187 44
3188 44
3189 44
3190 44
3191 44
3192 44
3193 44
3194 44
3195 44
3196 44
3197 44
3198 44
3199 44
3200 45
3201 45
3202 45
3203 45
3204 45
3205 45
3206 45
3207 45
3208 45
3209 45
3210 45
3211 45
3212 45
3213 45
3214 45
3215 45
3216 45
3217 45
3218 45
3219 45
3220 45
3221 45
3222 45
3223 45
3224 45
3225 45
3226 45
3227 45
3228 45
3229 45
3230 45
3231 45
3232 45
3233 45
3234 45
3235 45
3236 45
3237 45
3238 45
3239 45
3240 45
3241 45
3242 45
3243 45
3244 45
3245 45
3246 45
3247 45
3248 45
3249 45
3250 45
3251 45
3252 45
3253 45
3254 45
3255 45
3256 45
3257 45
3258 45
3259 45
3260 45
3261 45
3262 45
3263 45
3264 28
3265 28
3266 28
3267 28
3268 28
3269 28
3270 28
3271 28
3272 28
3273 28
3274 28
3275 28
3276 28
3277 28
3278 28
3279 28
3280 28
3281 28
3282 28
3283 28
3284 28
3285 28
3286 28
3287 28
3288 28
3289 28
3290 28
3291 28
3292 28
3293 28
3294 28
3295 28
3296 28
3297 28
3298 28
3299 28
3300 28
3301 28
3302 28
3303 28
3304 28
3305 28
3306 28
3307 28
3308 28
3309 28
3310 28
3311 28
3312 28
3313 28
3314 28
3315 28
3316 28
3317 28
3318 28
3319 28
3320 28
3321 28
3322 28
3323 28
3324 28
3325 28
3326 28
3327 28
3328 46
3329 46
3330 46
3331 46
3332 46
3333 46
3334 46
3335 46
3336 46
3337 46
3338 46
3339 46
3340 46
3341 46
3342 46
3343 46
3344 46
3345 46
3346 46
3347 46
3348 46
3349 46
3350 46
3351 46
3352 46
3353 46
3354 46
3355 46
3356 46
3357 46
3358 46
3359 46
3360 46
3361 46
3362 46
3363 46
3364 46
3365 46
3366 46
3367 46
3368 46
3369 46
3370 46
3371 46
3372 46
3373 46
3374 46
3375 46
3376 46
3377 46
3378 46
3379 46
3380 46
3381 46
3382 46
3383 46
3384 46
3385 46
3386 46
3387 46
3388 46
3389 46
3390 46
3391 46
3392 18
3393 18
3394 18
3395 18
3396 18
3397 18
3398 18
3399 18
3400 18
3401 18
3402 18
3403 18
3404 18
3405 18
3406 18
3407 18
3408 18
3409 18
3410 18
3411 18
3412 18
3413 18
3414 18
3415 18
3416 18
3417 18
3418 18
3419 18
3420 18
3421 18
3422 18
3423 18
3424 18
3425 18
3426 18
3427 18
3428 18
3429 18
3430 18
3431 18
3432 18
3433 18
3434 18
3435 18
3436 18
3437 18
3438 18
3439 18
3440 18
3441 18
3442 18
3443 18
3444 18
3445 18
3446 18
3447 18
3448 18
3449 18
3450 18
3451 18
3452 18
3453 18
3454 18
3455 18
3456 47
3457 47
3458 47
3459 47
3460 47
3461 47
3462 47
3463 47
3464 47
3465 47
3466 47
3467 47
3468 47
3469 47
3470 47
3471 47
3472 47
3473 47
3474 47
3475 47
3476 47
3477 47
3478 47
3479 47
3480 47
3481 47
3482 47
3483 47
3484 47
3485 47
3486 47
3487 47
3488 47
3489 47
3490 47
3491 47
3492 47
3493 47
3494 47
3495 47
3496 47
3497 47
3498 47
3499 47
3500 47
3501 47
3502 47
3503 47
3504 47
3505 47
3506 47
3507 47
3508 47
3509 47
3510 47
3511 47
3512 47
3513 47
3514 47
3515 47
3516 47
3517 47
3518 47
3519 47
3520 48
3521 48
3522 48
3523 48
3524 48
3525 48
3526 48
3527 48
3528 48
3529 48
3530 48
3531 48
3532 48
3533 48
3534 48
3535 48
3536 48
3537 48
3538 48
3539 48
3540 48
3541 48
3542 48
3543 48
3544 48
3545 48
3546 48
3547 48
3548 48
3549 48
3550 48
3551 48
3552 48
3553 48
3554 48
3555 48
3556 48
3557 48
3558 48
3559 48
3560 48
3561 48
3562 48
3563 48
3564 48
3565 48
3566 48
3567 48
3568 48
3569 48
3570 48
3571 48
3572 48
3573 48
3574 48
3575 48
3576 48
3577 48
3578 48
3579 48
3580 48
3581 48
3582 48
3583 48
3584 49
3585 49
3586 49
3587 49
3588 49
3589 49
3590 49
3591 49
3592 49
3593 49
3594 49
3595 49
3596 49
3597 49
3598 49
3599 49
3600 49
3601 49
3602 49
3603 49
3604 49
3605 49
3606 49
3607 49
3608 49
3609 49
3610 49
3611 49
3612 49
3613 49
3614 49
3615 49
3616 49
3617 49
3618 49
3619 49
3620 49
3621 49
3622 49
3623 49
3624 49
3625 49
3626 49
3627 49
3628 49
3629 49
3630 49
3631 49
3632 49
3633 49
3634 49
3635 49
3636 49
3637 49
3638 49
3639 49
3640 49
3641 49
3642 49
3643 49
3644 49
3645 49
3646 49
3647 49
3648 50
3649 50
3650 50
3651 50
3652 50
3653 50
3654 50
3655 50
3656 50
3657 50
3658 50
3659 50
3660 50
3661 50
3662 50
3663 50
3664 50
3665 50
3666 50
3667 50
3668 50
3669 50
3670 50
3671 50
3672 50
3673 50
3674 50
3675 50
3676 50
3677 50
3678 50
3679 50
3680 50
3681 50
3682 50
3683 50
3684 50
3685 50
3686 50
3687 50
3688 50
3689 50
3690 50
3691 50
3692 50
3693 50
3694 50
3695 50
3696 50
3697 50
3698 50
3699 50
3700 50
3701 50
3702 50
3703 50
3704 50
3705 50
3706 50
3707 50
3708 50
3709 50
3710 50
3711 50
3712 51
3713 51
3714 51
3715 51
3716 51
3717 51
3718 51
3719 51
3720 51
3721 51
3722 51
3723 51
3724 51
3725 51
3726 51
3727 51
3728 51
3729 51
3730 51
3731 51
3732 51
3733 51
3734 51
3735 51
3736 51
3737 51
3738 51
3739 51
3740 51
3741 51
3742 51
3743 51
3744 51
3745 51
3746 51
3747 51
3748 51
3749 51
3750 51
3751 51
3752 51
3753 51
3754 51
3755 51
3756 51
3757 51
3758 51
3759 51
3760 51
3761 51
3762 51
3763 51
3764 51
3765 51
3766 51
3767 51
3768 51
3769 51
3770 51
3771 51
3772 51
3773 51
3774 51
3775 51
3776 52
3777 52
3778 52
3779 52
3780 52
3781 52
3782 52
3783 52
3784 52
3785 52
3786 52
3787 52
3788 52
3789 52
3790 52
3791 52
3792 52
3793 52
3794 52
3795 52
3796 52
3797 52
3798 52
3799 52
3800 52
3801 52
3802 52
3803 52
3804 52
3805 52
3806 52
3807 52
3808 52
3809 52
3810 52
3811 52
3812 52
3813 52
3814 52
3815 52
3816 52
3817 52
3818 52
3819 52
3820 52
3821 52
3822 52
3823 52
3824 52
3825 52
3826 52
3827 52
3828 52
3829 52
3830 52
3831 52
3832 52
3833 52
3834 52
3835 52
3836 52
3837 52
3838 52
3839 52
3840 18
3841 18
3842 18
3843 18
3844 18
3845 18
3846 18
3847 18
3848 18
3849 18
3850 18
3851 18
3852 18
3853 18
3854 18
3855 18
3856 18
3857 18
3858 18
3859 18
3860 18
3861 18
3862 18
3863 18
3864 18
3865 18
3866 18
3867 18
3868 18
3869 18
3870 18
3871 18
3872 18
3873 18
3874 18
3875 18
3876 18
3877 18
3878 18
3879 18
3880 18
3881 18
3882 18
3883 18
3884 18
3885 18
3886 18
3887 18
3888 18
3889 18
3890 18
3891 18
3892 18
3893 18
3894 18
3895 18
3896 18
3897 18
3898 18
3899 18
3900 18
3901 18
3902 18
3903 18
3904 53
3905 53
3906 53
3907 53
3908 53
3909 53
3910 53
3911 53
3912 53
3913 53
3914 53
3915 53
3916 53
3917 53
3918 53
3919 53
3920 53
3921 53
3922 53
3923 53
3924 53
3925 53
3926 53
3927 53
3928 53
3929 53
3930 53
3931 53
3932 53
3933 53
3934 53
3935 53
3936 53
3937 53
3938 53
3939 53
3940 53
3941 53
3942 53
3943 53
3944 53
3945 53
3946 53
3947 53
3948 53
3949 53
3950 53
3951 53
3952 53
3953 53
3954 53
3955 53
3956 53
3957 53
3958 53
3959 53
3960 53
3961 53
3962 53
3963 53
3964 53
3965 53
3966 53
3967 53
3968 54
3969 54
3970 54
3971 54
3972 54
3973 54
3974 54
3975 54
3976 54
3977 54
3978 54
3979 54
3980 54
3981 54
3982 54
3983 54
3984 54
3985 54
3986 54
3987 54
3988 54
3989 54
3990 54
3991 54
3992 54
3993 54
3994 54
3995 54
3996 54
3997 54
3998 54
3999 54
4000 54
4001 54
4002 54
4003 54
4004 54
4005 54
4006 54
4007 54
4008 54
4009 54
4010 54
4011 54
4012 54
4013 54
4014 54
4015 54
4016 54
4017 54
4018 54
4019 54
4020 54
4021 54
4022 54
4023 54
4024 54
4025 54
4026 54
4027 54
4028 54
4029 54
4030 54
4031 54
4032 18
4033 18
4034 18
4035 18
4036 18
4037 18
4038 18
4039 18
4040 18
4041 18
4042 18
4043 18
4044 18
4045 18
4046 18
4047 18
4048 18
4049 18
4050 18
4051 18
4052 18
4053 18
4054 18
4055 18
4056 18
4057 18
4058 18
4059 18
4060 18
4061 18
4062 18
4063 18
4064 18
4065 18
4066 18
4067 18
4068 18
4069 18
4070 18
4071 18
4072 18
4073 18
4074 18
4075 18
4076 18
4077 18
4078 18
4079 18
4080 18
4081 18
4082 18
4083 18
4084 18
4085 18
4086 18
4087 18
4088 18
4089 18
4090 18
4091 18
4092 18
4093 18
4094 18
4095 18
4096 55
4097 55
4098 55
4099 55
4100 55
4101 55
4102 55
4103 55
4104 55
4105 55
4106 55
4107 55
4108 55
4109 55
4110 55
4111 55
4112 55
4113 55
4114 55
4115 55
4116 55
4117 55
4118 55
4119 55
4120 55
4121 55
4122 55
4123 55
4124 55
4125 55
4126 55
4127 55
4128 55
4129 55
4130 55
4131 55
4132 55
4133 55
4134 55
4135 55
4136 55
4137 55
4138 55
4139 55
4140 55
4141 55
4142 55
4143 55
4144 55
4145 55
4146 55
4147 55
4148 55
4149 55
4150 55
4151 55
4152 55
4153 55
4154 55
4155 55
4156 55
4157 55
4158 55
4159 55
4160 28
4161 28
4162 28
4163 28
4164 28
4165 28
4166 28
4167 28
4168 28
4169 28
4170 28
4171 28
4172 28
4173 28
4174 28
4175 28
4176 28
4177 28
4178 28
4179 28
4180 28
4181 28
4182 28
4183 28
4184 28
4185 28
4186 28
4187 28
4188 28
4189 28
4190 28
4191 28
4192 28
4193 28
4194 28
4195 28
4196 28
4197 28
4198 28
4199 28
4200 28
4201 28
4202 28
4203 28
4204 28
4205 28
4206 28
4207 28
4208 28
4209 28
4210 28
4211 28
4212 28
4213 28
4214 28
4215 28
4216 28
4217 28
4218 28
4219 28
4220 28
4221 28
4222 28
4223 28
4224 56
4225 56
4226 56
4227 56
4228 56
4229 56
4230 56
4231 56
4232 56
4233 56
4234 56
4235 56
4236 56
4237 56
4238 56
4239 56
4240 56
4241 56
4242 56
4243 56
4244 56
4245 56
4246 56
4247 56
4248 56
4249 56
4250 56
4251 56
4252 56
4253 56
4254 56
4255 56
4256 56
4257 56
4258 56
4259 56
4260 56
4261 56
4262 56
4263 56
4264 56
4265 56
4266 56
4267 56
4268 56
4269 56
4270 56
4271 56
4272 56
4273 56
4274 56
4275 56
4276 56
4277 56
4278 56
4279 56
4280 56
4281 56
4282 56
4283 56
4284 56
4285 56
4286 56
4287 56
4288 57
4289 57
4290 57
4291 57
4292 57
4293 57
4294 57
4295 57
4296 57
4297 57
4298 57
4299 57
4300 57
4301 57
4302 57
4303 57
4304 57
4305 57
4306 57
4307 57
4308 57
4309 57
4310 57
4311 57
4312 57
4313 57
4314 57
4315 57
4316 57
4317 57
4318 57
4319 57
4320 57
4321 57
4322 57
4323 57
4324 57
4325 57
4326 57
4327 57
4328 57
4329 57
4330 57
4331 57
4332 57
4333 57
4334 57
4335 57
4336 57
4337 57
4338 57
4339 57
4340 57
4341 57
4342 57
4343 57
4344 57
4345 57
4346 57
4347 57
4348 57
4349 57
4350 57
4351 57
4352 58
4353 58
4354 58
4355 58
4356 58
4357 58
4358 58
4359 58
4360 58
4361 58
4362 58
4363 58
4364 58
4365 58
4366 58
4367 58
4368 58
4369 58
4370 58
4371 58
4372 58
4373 58
4374 58
4375 58
4376 58
4377 58
4378 58
4379 58
4380 58
4381 58
4382 58
4383 58
4384 58
4385 58
4386 58
4387 58
4388 58
4389 58
4390 58
4391 58
4392 58
4393 58
4394 58
4395 58
4396 58
4397 58
4398 58
4399 58
4400 58
4401 58
4402 58
4403 58
4404 58
4405 58
4406 58
4407 58
4408 58
4409 58
4410 58
4411 58
4412 58
4413 58
4414 58
4415 58
4416 18
4417 18
4418 18
4419 18
4420 18
4421 18
4422 18
4423 18
4424 18
4425 18
4426 18
4427 18
4428 18
4429 18
4430 18
4431 18
4432 18
4433 18
4434 18
4435 18
4436 18
4437 18
4438 18
4439 18
4440 18
4441 18
4442 18
4443 18
4444 18
4445 18
4446 18
4447 18
4448 18
4449 18
4450 18
4451 18
4452 18
4453 18
4454 18
4455 18
4456 18
4457 18
4458 18
4459 18
4460 18
4461 18
4462 18
4463 18
4464 18
4465 18
4466 18
4467 18
4468 18
4469 18
4470 18
4471 18
4472 18
4473 18
4474 18
4475 18
4476 18
4477 18
4478 18
4479 18
4480 59
4481 59
4482 59
4483 59
4484 59
4485 59
4486 59
4487 59
4488 59
4489 59
4490 59
4491 59
4492 59
4493 59
4494 59
4495 59
4496 59
4497 59
4498 59
4499 59
4500 59
4501 59
4502 59
4503 59
4504 59
4505 59
4506 59
4507 59
4508 59
4509 59
4510 59
4511 59
4512 59
4513 59
4514 59
4515 59
4516 59
4517 59
4518 59
4519 59
4520 59
4521 59
4522 59
4523 59
4524 59
4525 59
4526 59
4527 59
4528 59
4529 59
4530 59
4531 59
4532 59
4533 59
4534 59
4535 59
4536 59
4537 59
4538 59
4539 59
4540 59
4541 59
4542 59
4543 59
4544 60
4545 60
4546 60
4547 60
4548 60
4549 60
4550 60
4551 60
4552 60
4553 60
4554 60
4555 60
4556 60
4557 60
4558 60
4559 60
4560 60
4561 60
4562 60
4563 60
4564 60
4565 60
4566 60
4567 60
4568 60
4569 60
4570 60
4571 60
4572 60
4573 60
4574 60
4575 60
4576 60
4577 60
4578 60
4579 60
4580 60
4581 60
4582 60
4583 60
4584 60
4585 60
4586 60
4587 60
4588 60
4589 60
4590 60
4591 60
4592 60
4593 60
4594 60
4595 60
4596 60
4597 60
4598 60
4599 60
4600 60
4601 60
4602 60
4603 60
4604 60
4605 60
4606 60
4607 60
4608 61
4609 61
4610 61
4611 61
4612 61
4613 61
4614 61
4615 61
4616 61
4617 61
4618 61
4619 61
4620 61
4621 61
4622 61
4623 61
4624 61
4625 61
4626 61
4627 61
4628 61
4629 61
4630 61
4631 61
4632 61
4633 61
4634 61
4635 61
4636 61
4637 61
4638 61
4639 61
4640 61
4641 61
4642 61
4643 61
4644 61
4645 61
4646 61
4647 61
4648 61
4649 61
4650 61
4651 61
4652 61
4653 61
4654 61
4655 61
4656 61
4657 61
4658 61
4659 61
4660 61
4661 61
4662 61
4663 61
4664 61
4665 61
4666 61
4667 61
4668 61
4669 61
4670 61
4671 61
4672 62
4673 62
4674 62
4675 62
4676 62
4677 62
4678 62
4679 62
4680 62
4681 62
4682 62
4683 62
4684 62
4685 62
4686 62
4687 62
4688 62
4689 62
4690 62
4691 62
4692 62
4693 62
4694 62
4695 62
4696 62
4697 62
4698 62
4699 62
4700 62
4701 62
4702 62
4703 62
4704 62
4705 62
4706 62
4707 62
4708 62
4709 62
4710 62
4711 62
4712 62
4713 62
4714 62
4715 62
4716 62
4717 62
4718 62
4719 62
4720 62
4721 62
4722 62
4723 62
4724 62
4725 62
4726 62
4727 62
4728 62
4729 62
4730 62
4731 62
4732 62
4733 62
4734 62
4735 62
4736 63
4737 63
4738 63
4739 63
4740 63
4741 63
4742 63
4743 63
4744 63
4745 63
4746 63
4747 63
4748 63
4749 63
4750 63
4751 63
4752 63
4753 63
4754 63
4755 63
4756 63
4757 63
4758 63
4759 63
4760 63
4761 63
4762 63
4763 63
4764 63
4765 63
4766 63
4767 63
4768 63
4769 63
4770 63
4771 63
4772 63
4773 63
4774 63
4775 63
4776 63
4777 63
4778 63
4779 63
4780 63
4781 63
4782 63
4783 63
4784 63
4785 63
4786 63
4787 63
4788 63
4789 63
4790 63
4791 63
4792 63
4793 63
4794 63
4795 63
4796 63
4797 63
4798 63
4799 63
4800 64
4801 64
4802 64
4803 64
4804 64
4805 64
4806 64
4807 64
4808 64
4809 64
4810 64
4811 64
4812 64
4813 64
4814 64
4815 64
4816 64
4817 64
4818 64
4819 64
4820 64
4821 64
4822 64
4823 64
4824 64
4825 64
4826 64
4827 64
4828 64
4829 64
4830 64
4831 64
4832 64
4833 64
4834 64
4835 64
4836 64
4837 64
4838 64
4839 64
4840 64
4841 64
4842 64
4843 64
4844 64
4845 64
4846 64
4847 64
4848 64
4849 64
4850 64
4851 64
4852 64
4853 64
4854 64
4855 64
4856 64
4857 64
4858 64
4859 64
4860 64
4861 64
4862 64
4863 64
4864 65
4865 65
4866 65
4867 65
4868 65
4869 65
4870 65
4871 65
4872 65
4873 65
4874 65
4875 65
4876 65
4877 65
4878 65
4879 65
4880 65
4881 65
4882 65
4883 65
4884 65
4885 65
4886 65
4887 65
4888 65
4889 65
4890 65
4891 65
4892 65
4893 65
4894 65
4895 65
4896 65
4897 65
4898 65
4899 65
4900 65
4901 65
4902 65
4903 65
4904 65
4905 65
4906 65
4907 65
4908 65
4909 65
4910 65
4911 65
4912 65
4913 65
4914 65
4915 65
4916 65
4917 65
4918 65
4919 65
4920 65
4921 65
4922 65
4923 65
4924 65
4925 65
4926 65
4927 65
4928 66
4929 66
4930 66
4931 66
4932 66
4933 66
4934 66
4935 66
4936 66
4937 66
4938 66
4939 66
4940 66
4941 66
4942 66
4943 66
4944 66
4945 66
4946 66
4947 66
4948 66
4949 66
4950 66
4951 66
4952 66
4953 66
4954 66
4955 66
4956 66
4957 66
4958 66
4959 66
4960 66
4961 66
4962 66
4963 66
4964 66
4965 66
4966 66
4967 66
4968 66
4969 66
4970 66
4971 66
4972 66
4973 66
4974 66
4975 66
4976 66
4977 66
4978 66
4979 66
4980 66
4981 66
4982 66
4983 66
4984 66
4985 66
4986 66
4987 66
4988 66
4989 66
4990 66
4991 66
4992 28
4993 28
4994 28
4995 28
4996 28
4997 28
4998 28
4999 28
5000 28
5001 28
5002 28
5003 28
5004 28
5005 28
5006 28
5007 28
5008 28
5009 28
5010 28
5011 28
5012 28
5013 28
5014 28
5015 28
5016 28
5017 28
5018 28
5019 28
5020 28
5021 28
5022 28
5023 28
5024 28
5025 28
5026 28
5027 28
5028 28
5029 28
5030 28
5031 28
5032 28
5033 28
5034 28
5035 28
5036 28
5037 28
5038 28
5039 28
5040 28
5041 28
5042 28
5043 28
5044 28
5045 28
5046 28
5047 28
5048 28
5049 28
5050 28
5051 28
5052 28
5053 28
5054 28
5055 28
5056 67
5057 67
5058 67
5059 67
5060 67
5061 67
5062 67
5063 67
5064 67
5065 67
5066 67
5067 67
5068 67
5069 67
5070 67
5071 67
5072 67
5073 67
5074 67
5075 67
5076 67
5077 67
5078 67
5079 67
5080 67
5081 67
5082 67
5083 67
5084 67
5085 67
5086 67
5087 67
5088 67
5089 67
5090 67
5091 67
5092 67
5093 67
5094 67
5095 67
5096 67
5097 67
5098 67
5099 67
5100 67
5101 67
5102 67
5103 67
5104 67
5105 67
5106 67
5107 67
5108 67
5109 67
5110 67
5111 67
5112 67
5113 67
5114 67
5115 67
5116 67
5117 67
5118 67
5119 67
5120 68
5121 68
5122 68
5123 68
5124 68
5125 68
5126 68
5127 68
5128 68
5129 68
5130 68
5131 68
5132 68
5133 68
5134 68
5135 68
5136 68
5137 68
5138 68
5139 68
5140 68
5141 68
5142 68
5143 68
5144 68
5145 68
5146 68
5147 68
5148 68
5149 68
5150 68
5151 68
5152 68
5153 68
5154 68
5155 68
5156 68
5157 68
5158 68
5159 68
5160 68
5161 68
5162 68
5163 68
5164 68
5165 68
5166 68
5167 68
5168 68
5169 68
5170 68
5171 68
5172 68
5173 68
5174 68
5175 68
5176 68
5177 68
5178 68
5179 68
5180 68
5181 68
5182 68
5183 68
5184 69
5185 69
5186 69
5187 69
5188 69
5189 69
5190 69
5191 69
5192 69
5193 69
5194 69
5195 69
5196 69
5197 69
5198 69
5199 69
5200 69
5201 69
5202 69
5203 69
5204 69
5205 69
5206 69
5207 69
5208 69
5209 69
5210 69
5211 69
5212 69
5213 69
5214 69
5215 69
5216 69
5217 69
5218 69
5219 69
5220 69
5221 69
5222 69
5223 69
5224 69
5225 69
5226 69
5227 69
5228 69
5229 69
5230 69
5231 69
5232 69
5233 69
5234 69
5235 69
5236 69
5237 69
5238 69
5239 69
5240 69
5241 69
5242 69
5243 69
5244 69
5245 69
5246 69
5247 69
5248 70
5249 70
5250 70
5251 70
5252 70
5253 70
5254 70
5255 70
5256 70
5257 70
5258 70
5259 70
5260 70
5261 70
5262 70
5263 70
5264 70
5265 70
5266 70
5267 70
5268 70
5269 70
5270 70
5271 70
5272 70
5273 70
5274 70
5275 70
5276 70
5277 70
5278 70
5279 70
5280 70
5281 70
5282 70
5283 70
5284 70
5285 70
5286 70
5287 70
5288 70
5289 70
5290 70
5291 70
5292 70
5293 70
5294 70
5295 70
5296 70
5297 70
5298 70
5299 70
5300 70
5301 70
5302 70
5303 70
5304 70
5305 70
5306 70
5307 70
5308 70
5309 70
5310 70
5311 70
5312 71
5313 71
5314 71
5315 71
5316 71
5317 71
5318 71
5319 71
5320 71
5321 71
5322 71
5323 71
5324 71
5325 71
5326 71
5327 71
5328 71
5329 71
5330 71
5331 71
5332 71
5333 71
5334 71
5335 71
5336 71
5337 71
5338 71
5339 71
5340 71
5341 71
5342 71
5343 71
5344 71
5345 71
5346 71
5347 71
5348 71
5349 71
5350 71
5351 71
5352 71
5353 71
5354 71
5355 71
5356 71
5357 71
5358 71
5359 71
5360 71
5361 71
5362 71
5363 71
5364 71
5365 71
5366 71
5367 71
5368 71
5369 71
5370 71
5371 71
5372 71
5373 71
5374 71
5375 71
5376 72
5377 72
5378 72
5379 72
5380 72
5381 72
5382 72
5383 72
5384 72
5385 72
5386 72
5387 72
5388 72
5389 72
5390 72
5391 72
5392 72
5393 72
5394 72
5395 72
5396 72
5397 72
5398 72
5399 72
5400 72
5401 72
5402 72
5403 72
5404 72
5405 72
5406 72
5407 72
5408 72
5409 72
5410 72
5411 72
5412 72
5413 72
5414 72
5415 72
5416 72
5417 72
5418 72
5419 72
5420 72
5421 72
5422 72
5423 72
5424 72
5425 72
5426 72
5427 72
5428 72
5429 72
5430 72
5431 72
5432 72
5433 72
5434 72
5435 72
5436 72
5437 72
5438 72
5439 72
5440 73
5441 73
5442 73
5443 73
5444 73
5445 73
5446 73
5447 73
5448 73
5449 73
5450 73
5451 73
5452 73
5453 73
5454 73
5455 73
5456 73
5457 73
5458 73
5459 73
5460 73
5461 73
5462 73
5463 73
5464 73
5465 73
5466 73
5467 73
5468 73
5469 73
5470 73
5471 73
5472 73
5473 73
5474 73
5475 73
5476 73
5477 73
5478 73
5479 73
5480 73
5481 73
5482 73
5483 73
5484 73
5485 73
5486 73
5487 73
5488 73
5489 73
5490 73
5491 73
5492 73
5493 73
5494 73
5495 73
5496 73
5497 73
5498 73
5499 73
5500 73
5501 73
5502 73
5503 73
5504 74
5505 74
5506 74
5507 74
5508 74
5509 74
5510 74
5511 74
5512 74
5513 74
5514 74
5515 74
5516 74
5517 74
5518 74
5519 74
5520 74
5521 74
5522 74
5523 74
5524 74
5525 74
5526 74
5527 74
5528 74
5529 74
5530 74
5531 74
5532 74
5533 74
5534 74
5535 74
5536 74
5537 74
5538 74
5539 74
5540 74
5541 74
5542 74
5543 74
5544 74
5545 74
5546 74
5547 74
5548 74
5549 74
5550 74
5551 74
5552 74
5553 74
5554 74
5555 74
5556 74
5557 74
5558 74
5559 74
5560 74
5561 74
5562 74
5563 74
5564 74
5565 74
5566 74
5567 74
5568 75
5569 75
5570 75
5571 75
5572 75
5573 75
5574 75
5575 75
5576 75
5577 75
5578 75
5579 75
5580 75
5581 75
5582 75
5583 75
5584 75
5585 75
5586 75
5587 75
5588 75
5589 75
5590 75
5591 75
5592 75
5593 75
5594 75
5595 75
5596 75
5597 75
5598 75
5599 75
5600 75
5601 75
5602 75
5603 75
5604 75
5605 75
5606 75
5607 75
5608 75
5609 75
5610 75
5611 75
5612 75
5613 75
5614 75
5615 75
5616 75
5617 75
5618 75
5619 75
5620 75
5621 75
5622 75
5623 75
5624 75
5625 75
5626 75
5627 75
5628 75
5629 75
5630 75
5631 75
